2,3,5,9,17,33;4,7,13,25,49,34;6,11,21,41,18,35;8,15,29,57,50,36;10,19,37;12,23,45,26,51,38;14,27,53,42,20,39;16,31,61,58,52,40;22,43;24,47,30,59,54,44;28,55,46;32,63,62,60,56,48
2,5,17;3,9,33;4,13,49;6,21,18;7,25,34;8,29,50;10,37,19;11,41,35;12,45,51;14,53,20;15,57,36;16,61,52;23,26,38;24,30,54;27,42,39;28,46,55;31,58,40;32,62,56;44,47,59;48,63,60
2,9;3,17;4,25;5,33;6,41;7,49;8,57;11,18;12,26;13,34;14,42;15,50;16,58;20,27;21,35;22,43;23,51;24,59;29,36;30,44;31,52;32,60;38,45;39,53;40,61;47,54;48,62;56,63
2,17,5;3,33,9;4,49,13;6,18,21;7,34,25;8,50,29;10,19,37;11,35,41;12,51,45;14,20,53;15,36,57;16,52,61;23,38,26;24,54,30;27,39,42;28,55,46;31,40,58;32,56,62;44,59,47;48,60,63
2,33,17,9,5,3;4,34,49,25,13,7;6,35,18,41,21,11;8,36,50,57,29,15;10,37,19;12,38,51,26,45,23;14,39,20,42,53,27;16,40,52,58,61,31;22,43;24,44,54,59,30,47;28,46,55;32,48,56,60,62,63
1,2,3,4,5,6,7,8,9,10,11,12,13,14,15,16,17,18,19,20,21,22,23,24,25,26,27,28,29,30,31,32,33,34,35,36,37,38,39,40,41,42,43,44,45,46,47,48,49,50,51,52,53,54,55,56,57,58,59,60,61,62,63
1,2,4,8,16,32;3,6,12,24,48,33;5,10,20,40,17,34;7,14,28,56,49,35;9,18,36;11,22,44,25,50,37;13,26,52,41,19,38;15,30,60,57,51,39;21,42;23,46,29,58,53,43;27,54,45;31,62,61,59,55,47
1,2,6,22,23,27,43,44,48;3,10,38,24,31,59,45,52,17;4,14,54,25,35,12,46,56,33;5,18,7,26,39,28,47,60,49;8,30,55,29,51,13,50,9,34;11,42,40,32,63,61,53,21,19;15,58,41,36,16,62,57,37,20
1,2,10,11,19,20,28,29,37,38,46,47,55,56;3,18,12,27,21,36,30,45,39,54,48,63,57,9;4,26,13,35,22,44,31,53,40,62,49,8,58,17;5,34,14,43,23,52,32,61,41,7,50,16,59,25;6,42,15,51,24,60,33
1,2,18,22,23,39,43,44,60;3,34,26,24,55,47,45,13,5;4,50,30,25,8,51,46,29,9;6,19,38,27,40,59,48,61,17;7,35,42,28,56,63,49,14,21;10,20,54,31,41,12,52,62,33;11,36,58,32,57,16,53,15,37
1,2,34,50,58,62;4,35,19,11,7,5;6,36,51,27,15,9;8,37,20,43,23,13;10,38,52,59,31,17;12,39,21;14,40,53,28,47,25;16,41,22,44,55,29;18,42,54,60,63,33;24,45;26,46,56,61,32,49;30,48,57
1,3,5,7,9,11,13,15,17,19,21,23,25,27,29,31,33,35,37,39,41,43,45,47,49,51,53,55,57,59,61,63,2,4,6,8,10,12,14,16,18,20,22,24,26,28,30,32,34,36,38,40,42,44,46,48,50,52,54,56,58,60,62
1,3,7,15,31,63;2,5,11,23,47,32;4,9,19,39,16,33;6,13,27,55,48,34;8,17,35;10,21,43,24,49,36;12,25,51,40,18,37;14,29,59,56,50,38;20,41;22,45,28,57,52,42;26,53,44;30,61,60,58,54,46
1,3,11,43,45,53,22,24,32;2,7,27,44,49,6,23,28,48;4,15,59,46,57,38,25,36,17;5,19,12,47,61,54,26,40,33;8,31,60,50,10,39,29,52,18;9,35,13,51,14,55,30,56,34;16,63,62,58,42,41,37,21,20
1,3,19,21,37,39,55,57,10,12,28,30,46,48;2,11,20,29,38,47,56;4,27,22,45,40,63,58,18,13,36,31,54,49,9;5,35,23,53,41,8,59,26,14,44,32,62,50,17;6,43,24,61,42,16,60,34,15,52,33,7,51,25
1,3,35,43,45,14,22,24,56;2,19,39,44,61,18,23,40,60;4,51,47,46,30,26,25,9,5;6,20,55,48,62,34,27,41,13;7,36,59,49,15,38,28,57,17;8,52,63,50,31,42,29,10,21;11,37,12,53,16,54,32,58,33
1,3,4,36,52,60;2,35,20,44,56,62;6,37,21,13,9,7;8,38,53,29,17,11;10,39,22,45,25,15;12,40,54,61,33,19;14,41,23;16,42,55,30,49,27;18,43,24,46,57,31;26,47;28,48,58,63,34,51;32,50,59
1,4,7,10,13,16,19,22,25,28,31,34,37,40,43,46,49,52,55,58,61;2,5,8,11,14,17,20,23,26,29,32,35,38,41,44,47,50,53,56,59,62;3,6,9,12,15,18,21,24,27,30,33,36,39,42,45,48,51,54,57,60,63
1,4,10,22,46,31;2,6,14,30,62,63;3,8,18,38,15,32;5,12,26,54,47,33;7,16,34;9,20,42,23,48,35;11,24,50,39,17,36;13,28,58,55,49,37;19,40;21,44,27,56,51,41;25,52,43;29,60,59,57,53,45
1,4,16;2,8,32;3,12,48;5,20,17;6,24,33;7,28,49;9,36,18;10,40,34;11,44,50;13,52,19;14,56,35;15,60,51;22,25,37;23,29,53;26,41,38;27,45,54;30,57,39;31,61,55;43,46,58;47,62,59
1,4,28,31,55,58,19,22,46,49,10,13,37,40;2,12,29,39,56,3,20,30,47,57,11,21,38,48;5,36,32,63,59,27,23,54,50,18,14,45,41,9;6,44,33,8,60,35,24,62,51,26,15,53,42,17;7,52,34,16,61,43,25
1,4,52;2,20,56;3,36,60;6,21,9;7,37,13;8,53,17;10,22,25;11,38,29;12,54,33;14,23,41;15,39,45;16,55,49;18,24,57;19,40,61;27,42,30;28,58,34;31,43,46;32,59,50;35,44,62;48,63,51
1,4,37,22,46,58;2,36,53,30,50,60;3,5,6,38,54,62;8,39,23,15,11,9;10,40,55,31,19,13;12,41,24,47,27,17;14,42,56,63,35,21;16,43,25;18,44,57,32,51,29;20,45,26,48,59,33;28,49;34,52,61
1,5,9,13,17,21,25,29,33,37,41,45,49,53,57,61,2,6,10,14,18,22,26,30,34,38,42,46,50,54,58,62,3,7,11,15,19,23,27,31,35,39,43,47,51,55,59,63,4,8,12,16,20,24,28,32,36,40,44,48,52,56,60
1,5,13,29,61,62;2,7,17,37,14,31;3,9,21,45,30,63;4,11,25,53,46,32;6,15,33;8,19,41,22,47,34;10,23,49,38,16,35;12,27,57,54,48,36;18,39;20,43,26,55,50,40;24,51,42;28,59,58,56,52,44
1,5,21,22,26,42,43,47,63;2,9,37,23,30,58,44,51,16;3,13,53,24,34,11,45,55,32;4,17,6,25,38,27,46,59,48;7,29,54,28,50,12,49,8,33;10,41,39,31,62,60,52,20,18;14,57,40,35,15,61,56,36,19
1,5,37,41,10,14,46,50,19,23,55,59,28,32;2,13,38,49,11,22,47,58,20,31,56,4,29,40;3,21,39,57,12,30,48;6,45,42,18,15,54,51,27,24,63,60,36,33,9;7,53,43,26,16,62,52,35,25,8,61,44,34,17
1,5,6,22,26,27,43,47,48;2,21,10,23,42,31,44,63,52;3,37,14,24,58,35,45,16,56;4,53,18,25,11,39,46,32,60;7,38,30,28,59,51,49,17,9;8,54,34,29,12,55,50,33,13;15,40,62,36,61,20,57,19,41
1,5,7,8,40,56;2,37,23,16,44,58;3,6,39,24,48,60;4,38,55,32,52,62;10,41,25,17,13,11;12,42,57,33,21,15;14,43,26,49,29,19;18,45,27;20,46,59,34,53,31;22,47,28,50,61,35;30,51;36,54,63
1,6,11,16,21,26,31,36,41,46,51,56,61,3,8,13,18,23,28,33,38,43,48,53,58,63,5,10,15,20,25,30,35,40,45,50,55,60,2,7,12,17,22,27,32,37,42,47,52,57,62,4,9,14,19,24,29,34,39,44,49,54,59
1,6,16,36,13,30;2,8,20,44,29,62;3,10,24,52,45,31;4,12,28,60,61,63;5,14,32;7,18,40,21,46,33;9,22,48,37,15,34;11,26,56,53,47,35;17,38;19,42,25,54,49,39;23,50,41;27,58,57,55,51,43
1,6,26,43,48,5,22,27,47;2,10,42,44,52,21,23,31,63;3,14,58,45,56,37,24,35,16;4,18,11,46,60,53,25,39,32;7,30,59,49,9,38,28,51,17;8,34,12,50,13,54,29,55,33;15,62,61,57,41,40,36,20,19
1,6,46,51,28,33,10,15,55,60,37,42,19,24;2,14,47,59,29,41,11,23,56,5,38,50,20,32;3,22,48,4,30,49,12,31,57,13,39,58,21,40;7,54,52,36,34,18,16,63,61,45,43,27,25,9;8,62,53,44,35,26,17
1,6,23,43,48,2,22,27,44;3,38,31,45,17,10,24,59,52;4,54,35,46,33,14,25,12,56;5,7,39,47,49,18,26,28,60;8,55,51,50,34,30,29,13,9;11,40,63,53,19,42,32,61,21;15,41,16,57,20,58,36,62,37
1,6,40,57,34,54;2,38,56;3,7,9,10,42,58;4,39,25,18,46,60;5,8,41,26,50,62;12,43,27,19,15,13;14,44,59,35,23,17;16,45,28,51,31,21;20,47,29;22,48,61,36,55,33;24,49,30,52,63,37;32,53
1,7,13,19,25,31,37,43,49,55,61,4,10,16,22,28,34,40,46,52,58;2,8,14,20,26,32,38,44,50,56,62,5,11,17,23,29,35,41,47,53,59;3,9,15,21,27,33,39,45,51,57,63,6,12,18,24,30,36,42,48,54,60
1,7,19,43,28,61;2,9,23,51,44,30;3,11,27,59,60,62;4,13,31;5,15,35,12,29,63;6,17,39,20,45,32;8,21,47,36,14,33;10,25,55,52,46,34;16,37;18,41,24,53,48,38;22,49,40;26,57,56,54,50,42
1,7,31;2,11,47;3,15,63;4,19,16;5,23,32;6,27,48;8,35,17;9,39,33;10,43,49;12,51,18;13,55,34;14,59,50;21,24,36;22,28,52;25,40,37;26,44,53;29,56,38;30,60,54;42,45,57;46,61,58
1,7,55,61,46,52,37,43,28,34,19,25,10,16;2,15,56,6,47,60,38,51,29,42,20,33,11,24;3,23,57,14,48,5,39,59,30,50,21,41,12,32;4,31,58,22,49,13,40;8,63,62,54,53,45,44,36,35,27,26,18,17,9
1,7,40;2,23,44;3,39,48;4,55,52;5,8,56;6,24,60;10,25,13;11,41,17;12,57,21;14,26,29;15,42,33;16,58,37;18,27,45;19,43,49;20,59,53;22,28,61;31,46,34;32,62,38;35,47,50;36,63,54
1,7,10,43,28,52;2,39,26,51,32,54;3,8,42,59,36,56;4,40,58;5,9,11,12,44,60;6,41,27,20,48,62;14,45,29,21,17,15;16,46,61,37,25,19;18,47,30,53,33,23;22,49,31;24,50,63,38,57,35;34,55
1,8,15,22,29,36,43,50,57;2,9,16,23,30,37,44,51,58;3,10,17,24,31,38,45,52,59;4,11,18,25,32,39,46,53,60;5,12,19,26,33,40,47,54,61;6,13,20,27,34,41,48,55,62;7,14,21,28,35,42,49,56,63
1,8,22,50,43,29;2,10,26,58,59,61;3,12,30;4,14,34,11,28,62;5,16,38,19,44,31;6,18,42,27,60,63;7,20,46,35,13,32;9,24,54,51,45,33;15,36;17,40,23,52,47,37;21,48,39;25,56,55,53,49,41
1,8,36,22,29,57,43,50,15;2,12,52,23,33,10,44,54,31;3,16,5,24,37,26,45,58,47;4,20,21,25,41,42,46,62,63;6,28,53,27,49,11,48,7,32;9,40,38,30,61,59,51,19,17;13,56,39,34,14,60,55,35,18
1,8;2,16;3,24;4,32;5,40;6,48;7,56;10,17;11,25;12,33;13,41;14,49;15,57;19,26;20,34;21,42;22,50;23,58;28,35;29,43;30,51;31,59;37,44;38,52;39,60;46,53;47,61;55,62
1,8,57,22,29,15,43,50,36;2,24,61,23,45,19,44,3,40;4,56,6,25,14,27,46,35,48;5,9,10,26,30,31,47,51,52;7,41,18,28,62,39,49,20,60;11,42,34,32,63,55,53,21,13;12,58,38,33,16,59,54,37,17
1,8,43,29,22,50;2,40,59,37,26,52;3,9,12,45,30,54;4,41,28,53,34,56;5,10,44,61,38,58;6,42,60;7,11,13,14,46,62;16,47,31,23,19,17;18,48,63,39,27,21;20,49,32,55,35,25;24,51,33;36,57
1,9,17,25,33,41,49,57,2,10,18,26,34,42,50,58,3,11,19,27,35,43,51,59,4,12,20,28,36,44,52,60,5,13,21,29,37,45,53,61,6,14,22,30,38,46,54,62,7,15,23,31,39,47,55,63,8,16,24,32,40,48,56
1,9,25,57,58,60;2,11,29;3,13,33,10,27,61;4,15,37,18,43,30;5,17,41,26,59,62;6,19,45,34,12,31;7,21,49,42,28,63;8,23,53,50,44,32;14,35;16,39,22,51,46,36;20,47,38;24,55,54,52,48,40
1,9,41,43,51,20,22,30,62;2,13,57,44,55,36,23,34,15;3,17,10,45,59,52,24,38,31;4,21,26,46,63,5,25,42,47;6,29,58,48,8,37,27,50,16;7,33,11,49,12,53,28,54,32;14,61,60,56,40,39,35,19,18
1,9,10,18,19,27,28,36,37,45,46,54,55,63;2,17,11,26,20,35,29,44,38,53,47,62,56,8;3,25,12,34,21,43,30,52,39,61,48,7,57,16;4,33,13,42,22,51,31,60,40,6,49,15,58,24;5,41,14,50,23,59,32
1,9,11,43,51,53,22,30,32;2,25,15,44,4,57,23,46,36;3,41,19,45,20,61,24,62,40;5,10,27,47,52,6,26,31,48;7,42,35,49,21,14,28,63,56;8,58,39,50,37,18,29,16,60;12,59,55,54,38,34,33,17,13
1,9,13,15,16,48;2,41,29,23,20,50;3,10,45,31,24,52;4,42,61,39,28,54;5,11,14,47,32,56;6,43,30,55,36,58;7,12,46,63,40,60;8,44,62;18,49,33,25,21,19;22,51,34,57,37,27;26,53,35;38,59
1,10,19,28,37,46,55;2,11,20,29,38,47,56;3,12,21,30,39,48,57;4,13,22,31,40,49,58;5,14,23,32,41,50,59;6,15,24,33,42,51,60;7,16,25,34,43,52,61;8,17,26,35,44,53,62;9,18,27,36,45,54,63
1,10,28;2,12,32,9,26,60;3,14,36,17,42,29;4,16,40,25,58,61;5,18,44,33,11,30;6,20,48,41,27,62;7,22,52,49,43,31;8,24,56,57,59,63;13,34;15,38,21,50,45,35;19,46,37;23,54,53,51,47,39
1,10,46;2,14,62;3,18,15;4,22,31;5,26,47;6,30,63;7,34,16;8,38,32;9,42,48;11,50,17;12,54,33;13,58,49;20,23,35;21,27,51;24,39,36;25,43,52;28,55,37;29,59,53;41,44,56;45,60,57
1,10,19,28,37,46,55;2,18,20,36,38,54,56,9,11,27,29,45,47,63;3,26,21,44,39,62,57,17,12,35,30,53,48,8;4,34,22,52,40,7,58,25,13,43,31,61,49,16;5,42,23,60,41,15,59,33,14,51,32,6,50,24
1,10,28;2,26,32;3,42,36;4,58,40;5,11,44;6,27,48;7,43,52;8,59,56;9,12,60;14,29,17;15,45,21;16,61,25;18,30,33;19,46,37;20,62,41;22,31,49;23,47,53;24,63,57;35,50,38;39,51,54
1,10,46;2,42,62,9,14,48;3,11,15,17,18,50;4,43,31,25,22,52;5,12,47,33,26,54;6,44,63,41,30,56;7,13,16,49,34,58;8,45,32,57,38,60;20,51,35,27,23,21;24,53,36,59,39,29;28,55,37;40,61
1,11,21,31,41,51,61,8,18,28,38,48,58,5,15,25,35,45,55,2,12,22,32,42,52,62,9,19,29,39,49,59,6,16,26,36,46,56,3,13,23,33,43,53,63,10,20,30,40,50,60,7,17,27,37,47,57,4,14,24,34,44,54
1,11,31,8,25,59;2,13,35,16,41,28;3,15,39,24,57,60;4,17,43,32,10,29;5,19,47,40,26,61;6,21,51,48,42,30;7,23,55,56,58,62;9,27,63;12,33;14,37,20,49,44,34;18,45,36;22,53,52,50,46,38
1,11,51,22,32,9,43,53,30;2,15,4,23,36,25,44,57,46;3,19,20,24,40,41,45,61,62;5,27,52,26,48,10,47,6,31;7,35,21,28,56,42,49,14,63;8,39,37,29,60,58,50,18,16;12,55,38,33,13,59,54,34,17
1,11,28,38,55,2,19,29,46,56,10,20,37,47;3,27,30,54,57,18,21,45,48,9,12,36,39,63;4,35,31,62,58,26,22,53,49,17,13,44,40,8;5,43,32,7,59,34,23,61,50,25,14,52,41,16;6,51,33,15,60,42,24
1,11,45,22,32,3,43,53,24;2,27,49,23,48,7,44,6,28;4,59,57,25,17,15,46,38,36;5,12,61,26,33,19,47,54,40;8,60,10,29,18,31,50,39,52;9,13,14,30,34,35,51,55,56;16,62,42,37,20,63,58,41,21
1,11,16,50,4,44;2,43,32,58,8,46;3,12,48;5,13,17,19,20,52;6,45,33,27,24,54;7,14,49,35,28,56;9,15,18,51,36,60;10,47,34,59,40,62;22,53,37,29,25,23;26,55,38,61,41,31;30,57,39;42,63
1,12,23,34,45,56,4,15,26,37,48,59,7,18,29,40,51,62,10,21,32,43,54,2,13,24,35,46,57,5,16,27,38,49,60,8,19,30,41,52,63,11,22,33,44,55,3,14,25,36,47,58,6,17,28,39,50,61,9,20,31,42,53
1,12,34,15,40,27;2,14,38,23,56,59;3,16,42,31,9,28;4,18,46,39,25,60;5,20,50,47,41,29;6,22,54,55,57,61;7,24,58,63,10,30;8,26,62;11,32;13,36,19,48,43,33;17,44,35;21,52,51,49,45,37
1,12,56,43,54,35,22,33,14;2,16,9,44,58,51,23,37,30;3,20,25,45,62,4,24,41,46;5,28,57,47,7,36,26,49,15;6,32,10,48,11,52,27,53,31;8,40,42,50,19,21,29,61,63;13,60,59,55,39,38,34,18,17
1,12,37,48,10,21,46,57,19,30,55,3,28,39;2,20,38,56,11,29,47;4,36,40,9,13,45,49,18,22,54,58,27,31,63;5,44,41,17,14,53,50,26,23,62,59,35,32,8;6,52,42,25,15,61,51,34,24,7,60,43,33,16
1,12,62,43,54,41,22,33,20;2,28,3,44,7,45,23,49,24;4,60,11,46,39,53,25,18,32;5,13,15,47,55,57,26,34,36;6,29,19,48,8,61,27,50,40;9,14,31,51,56,10,30,35,52;16,63,59,58,42,38,37,21,17
1,12,49,36,61,42;2,44;3,13,18,52,6,46;4,45,34,60,10,48;5,14,50;7,15,19,21,22,54;8,47,35,29,26,56;9,16,51,37,30,58;11,17,20,53,38,62;24,55,39,31,27,25;28,57,40,63,43,33;32,59,41
1,13,25,37,49,61,10,22,34,46,58,7,19,31,43,55,4,16,28,40,52;2,14,26,38,50,62,11,23,35,47,59,8,20,32,44,56,5,17,29,41,53;3,15,27,39,51,63,12,24,36,48,60,9,21,33,45,57,6,18,30,42,54
1,13,37,22,55,58;2,15,41,30,8,27;3,17,45,38,24,59;4,19,49,46,40,28;5,21,53,54,56,60;6,23,57,62,9,29;7,25,61;10,31;11,33,14,39,26,63;12,35,18,47,42,32;16,43,34;20,51,50,48,44,36
1,13,61;2,17,14;3,21,30;4,25,46;5,29,62;6,33,15;7,37,31;8,41,47;9,45,63;10,49,16;11,53,32;12,57,48;19,22,34;20,26,50;23,38,35;24,42,51;27,54,36;28,58,52;40,43,55;44,59,56
1,13,46,58,28,40,10,22,55,4,37,49,19,31;2,21,47,3,29,48,11,30,56,12,38,57,20,39;5,45,50,27,32,9,14,54,59,36,41,18,23,63;6,53,51,35,33,17,15,62,60,44,42,26,24,8;7,61,52,43,34,25,16
1,13,16;2,29,20;3,45,24;4,61,28;5,14,32;6,30,36;7,46,40;8,62,44;9,15,48;10,31,52;11,47,56;12,63,60;18,33,21;19,49,25;22,34,37;23,50,41;26,35,53;27,51,57;39,54,42;43,55,58
1,13,19,22,55,40;2,45,35,30,59,42;3,14,51,38,63,44;4,46;5,15,20,54,8,48;6,47,36,62,12,50;7,16,52;9,17,21,23,24,56;10,49,37,31,28,58;11,18,53,39,32,60;26,57,41,33,29,27;34,61,43
1,14,27,40,53,3,16,29,42,55,5,18,31,44,57,7,20,33,46,59,9,22,35,48,61,11,24,37,50,63,13,26,39,52,2,15,28,41,54,4,17,30,43,56,6,19,32,45,58,8,21,34,47,60,10,23,36,49,62,12,25,38,51
1,14,40,29,7,26;2,16,44,37,23,58;3,18,48,45,39,27;4,20,52,53,55,59;5,22,56,61,8,28;6,24,60;9,30;10,32,13,38,25,62;11,34,17,46,41,31;12,36,21,54,57,63;15,42,33;19,50,49,47,43,35
1,14,3,22,35,24,43,56,45;2,18,19,23,39,40,44,60,61;4,26,51,25,47,9,46,5,30;6,34,20,27,55,41,48,13,62;7,38,36,28,59,57,49,17,15;8,42,52,29,63,10,50,21,31;11,54,37,32,12,58,53,33,16
1,14,55,5,46,59,37,50,28,41,19,32,10,23;2,22,56,13,47,4,38,58,29,49,20,40,11,31;3,30,57,21,48,12,39;6,54,60,45,51,36,42,27,33,18,24,9,15,63;7,62,61,53,52,44,43,35,34,26,25,17,16,8
1,14,33,22,35,54,43,56,12;2,30,37,23,51,58,44,9,16;3,46,41,24,4,62,45,25,20;5,15,49,26,36,7,47,57,28;6,31,53,27,52,11,48,10,32;8,63,61,29,21,19,50,42,40;13,17,18,34,38,39,55,59,60
1,14,52,8,49,38;2,46,5,16,53,40;3,15,21,24,57,42;4,47,37,32,61,44;6,48;7,17,22,56,10,50;9,18,54;11,19,23,25,26,58;12,51,39,33,30,60;13,20,55,41,34,62;28,59,43,35,31,29;36,63,45
1,15,29,43,57,8,22,36,50;2,16,30,44,58,9,23,37,51;3,17,31,45,59,10,24,38,52;4,18,32,46,60,11,25,39,53;5,19,33,47,61,12,26,40,54;6,20,34,48,62,13,27,41,55;7,21,35,49,63,14,28,42,56
1,15,43,36,22,57;2,17,47,44,38,26;3,19,51,52,54,58;4,21,55,60,7,27;5,23,59;6,25,63,13,39,28;8,29;9,31,12,37,24,61;10,33,16,45,40,30;11,35,20,53,56,62;14,41,32;18,49,48,46,42,34
1,15,8,43,57,50,22,36,29;2,19,24,44,61,3,23,40,45;4,27,56,46,6,35,25,48,14;5,31,9,47,10,51,26,52,30;7,39,41,49,18,20,28,60,62;11,55,42,53,34,21,32,13,63;12,59,58,54,38,37,33,17,16
1,15;2,23;3,31;4,39;5,47;6,55;7,63;9,16;10,24;11,32;12,40;13,48;14,56;18,25;19,33;20,41;21,49;22,57;27,34;28,42;29,50;30,58;36,43;37,51;38,59;45,52;46,60;54,61
1,15,50,43,57,29,22,36,8;2,31,54,44,10,33,23,52,12;3,47,58,45,26,37,24,5,16;4,63,62,46,42,41,25,21,20;6,32,7,48,11,49,27,53,28;9,17,19,51,59,61,30,38,40;13,18,35,55,60,14,34,39,56
1,15,22,57,43,36;2,47,38;3,16,54,10,51,40;4,48,7,18,55,42;5,17,23,26,59,44;6,49,39,34,63,46;8,50;9,19,24,58,12,52;11,20,56;13,21,25,27,28,60;14,53,41,35,32,62;30,61,45,37,33,31
1,16,31,46,61,13,28,43,58,10,25,40,55,7,22,37,52,4,19,34,49;2,17,32,47,62,14,29,44,59,11,26,41,56,8,23,38,53,5,20,35,50;3,18,33,48,63,15,30,45,60,12,27,42,57,9,24,39,54,6,21,36,51
1,16,46,43,37,25;2,18,50,51,53,57;3,20,54,59,6,26;4,22,58;5,24,62,12,38,27;7,28;8,30,11,36,23,60;9,32,15,44,39,29;10,34,19,52,55,61;13,40,31;14,42,35,21,56,63;17,48,47,45,41,33
1,16,13;2,20,29;3,24,45;4,28,61;5,32,14;6,36,30;7,40,46;8,44,62;9,48,15;10,52,31;11,56,47;12,60,63;18,21,33;19,25,49;22,37,34;23,41,50;26,53,35;27,57,51;39,42,54;43,58,55
1,16,10,25,19,34,28,43,37,52,46,61,55,7;2,24,11,33,20,42,29,51,38,60,47,6,56,15;3,32,12,41,21,50,30,59,39,5,48,14,57,23;4,40,13,49,22,58,31;8,9,17,18,26,27,35,36,44,45,53,54,62,63
1,16,4;2,32,8;3,48,12;5,17,20;6,33,24;7,49,28;9,18,36;10,34,40;11,50,44;13,19,52;14,35,56;15,51,60;22,37,25;23,53,29;26,38,41;27,54,45;30,39,57;31,55,61;43,58,46;47,59,62
1,16,55,43,37,34;2,48,8,51,41,36;3,17,24,59,45,38;4,49,40;5,18,56,12,53,42;6,50,9,20,57,44;7,19,25,28,61,46;10,52;11,21,26,60,14,54;13,22,58;15,23,27,29,30,62;32,63,47,39,35,33
1,17,33,49,2,18,34,50,3,19,35,51,4,20,36,52,5,21,37,53,6,22,38,54,7,23,39,55,8,24,40,56,9,25,41,57,10,26,42,58,11,27,43,59,12,28,44,60,13,29,45,61,14,30,46,62,15,31,47,63,16,32,48
1,17,49,50,52,56;2,19,53,58,5,25;3,21,57;4,23,61,11,37,26;6,27;7,29,10,35,22,59;8,31,14,43,38,28;9,33,18,51,54,60;12,39,30;13,41,34,20,55,62;15,45,42,36,24,63;16,47,46,44,40,32
1,17,18,22,38,39,43,59,60;2,21,34,23,42,55,44,63,13;3,25,50,24,46,8,45,4,29;5,33,19,26,54,40,47,12,61;6,37,35,27,58,56,48,16,14;7,41,51,28,62,9,49,20,30;10,53,36,31,11,57,52,32,15
1,17,19,35,37,53,55,8,10,26,28,44,46,62;2,25,20,43,38,61,56,16,11,34,29,52,47,7;3,33,21,51,39,6,57,24,12,42,30,60,48,15;4,41,22,59,40,14,58,32,13,50,31,5,49,23;9,18,27,36,45,54,63
1,17,21,22,38,42,43,59,63;2,33,25,23,54,46,44,12,4;3,49,29,24,7,50,45,28,8;5,18,37,26,39,58,47,60,16;6,34,41,27,55,62,48,13,20;9,19,53,30,40,11,51,61,32;10,35,57,31,56,15,52,14,36
1,17,25,29,31,32;2,49,41,37,35,34;3,18,57,45,39,36;4,50,10,53,43,38;5,19,26,61,47,40;6,51,42;7,20,58,14,55,44;8,52,11,22,59,46;9,21,27,30,63,48;12,54;13,23,28,62,16,56;15,24,60
1,18,35,52,6,23,40,57,11,28,45,62,16,33,50,4,21,38,55,9,26,43,60,14,31,48,2,19,36,53,7,24,41,58,12,29,46,63,17,34,51,5,22,39,56,10,27,44,61,15,32,49,3,20,37,54,8,25,42,59,13,30,47
1,18,52,57,4,24;2,20,56;3,22,60,10,36,25;5,26;6,28,9,34,21,58;7,30,13,42,37,27;8,32,17,50,53,59;11,38,29;12,40,33,19,54,61;14,44,41,35,23,62;15,46,45,43,39,31;16,48,49,51,55,63
1,18,23,43,60,2,22,39,44;3,26,55,45,5,34,24,47,13;4,30,8,46,9,50,25,51,29;6,38,40,48,17,19,27,59,61;7,42,56,49,21,35,28,63,14;10,54,41,52,33,20,31,12,62;11,58,57,53,37,36,32,16,15
1,18,28,45,55,9,19,36,46,63,10,27,37,54;2,26,29,53,56,17,20,44,47,8,11,35,38,62;3,34,30,61,57,25,21,52,48,16,12,43,39,7;4,42,31,6,58,33,22,60,49,24,13,51,40,15;5,50,32,14,59,41,23
1,18,38,43,60,17,22,39,59;2,34,42,44,13,21,23,55,63;3,50,46,45,29,25,24,8,4;5,19,54,47,61,33,26,40,12;6,35,58,48,14,37,27,56,16;7,51,62,49,30,41,28,9,20;10,36,11,52,15,53,31,57,32
1,18,58,15,25,30;2,50,11,23,29,32;3,19,27,31,33,34;4,51,43,39,37,36;5,20,59,47,41,38;6,52,12,55,45,40;7,21,28,63,49,42;8,53,44;9,22,60,16,57,46;10,54,13,24,61,48;14,56;17,26,62
1,19,37,55,10,28,46;2,20,38,56,11,29,47;3,21,39,57,12,30,48;4,22,40,58,13,31,49;5,23,41,59,14,32,50;6,24,42,60,15,33,51;7,25,43,61,16,34,52;8,26,44,62,17,35,53;9,27,45,63,18,36,54
1,19,55;2,21,59,9,35,24;3,23,63,17,51,56;4,25;5,27,8,33,20,57;6,29,12,41,36,26;7,31,16,49,52,58;10,37,28;11,39,32,18,53,60;13,43,40,34,22,61;14,45,44,42,38,30;15,47,48,50,54,62
1,19,28;2,23,44;3,27,60;4,31,13;5,35,29;6,39,45;7,43,61;8,47,14;9,51,30;10,55,46;11,59,62;12,63,15;17,20,32;18,24,48;21,36,33;22,40,49;25,52,34;26,56,50;38,41,53;42,57,54
1,19,37,55,10,28,46;2,27,38,63,11,36,47,9,20,45,56,18,29,54;3,35,39,8,12,44,48,17,21,53,57,26,30,62;4,43,40,16,13,52,49,25,22,61,58,34,31,7;5,51,41,24,14,60,50,33,23,6,59,42,32,15
1,19,55;2,35,59;3,51,63;5,20,8;6,36,12;7,52,16;9,21,24;10,37,28;11,53,32;13,22,40;14,38,44;15,54,48;17,23,56;18,39,60;26,41,29;27,57,33;30,42,45;31,58,49;34,43,61;47,62,50
1,19,28;2,51,44,9,23,30;3,20,60,17,27,32;4,52,13,25,31,34;5,21,29,33,35,36;6,53,45,41,39,38;7,22,61,49,43,40;8,54,14,57,47,42;10,55,46;11,24,62,18,59,48;12,56,15,26,63,50;16,58
1,20,39,58,14,33,52,8,27,46,2,21,40,59,15,34,53,9,28,47,3,22,41,60,16,35,54,10,29,48,4,23,42,61,17,36,55,11,30,49,5,24,43,62,18,37,56,12,31,50,6,25,44,63,19,38,57,13,32,51,7,26,45
1,20,58,8,34,23;2,22,62,16,50,55;3,24;4,26,7,32,19,56;5,28,11,40,35,25;6,30,15,48,51,57;9,36,27;10,38,31,17,52,59;12,42,39,33,21,60;13,44,43,41,37,29;14,46,47,49,53,61;18,54,63
1,20,33,22,41,54,43,62,12;2,24,49,23,45,7,44,3,28;4,32,18,25,53,39,46,11,60;5,36,34,26,57,55,47,15,13;6,40,50,27,61,8,48,19,29;9,52,35,30,10,56,51,31,14;16,17,21,37,38,42,58,59,63
1,20,46,2,28,47,10,29,55,11,37,56,19,38;3,36,48,18,30,63,12,45,57,27,39,9,21,54;4,44,49,26,31,8,13,53,58,35,40,17,22,62;5,52,50,34,32,16,14,61,59,43,41,25,23,7;6,60,51,42,33,24,15
1,20,9,22,41,30,43,62,51;2,36,13,23,57,34,44,15,55;3,52,17,24,10,38,45,31,59;4,5,21,25,26,42,46,47,63;6,37,29,27,58,50,48,16,8;7,53,33,28,11,54,49,32,12;14,39,61,35,60,19,56,18,40
1,20,61,50,13,26;2,52,14,58,17,28;3,21,30;4,53,46,11,25,32;5,22,62,19,29,34;6,54,15,27,33,36;7,23,31,35,37,38;8,55,47,43,41,40;9,24,63,51,45,42;10,56,16,59,49,44;12,57,48;18,60
1,21,41,61,18,38,58,15,35,55,12,32,52,9,29,49,6,26,46,3,23,43,63,20,40,60,17,37,57,14,34,54,11,31,51,8,28,48,5,25,45,2,22,42,62,19,39,59,16,36,56,13,33,53,10,30,50,7,27,47,4,24,44
1,21,61,15,49,54;2,23;3,25,6,31,18,55;4,27,10,39,34,24;5,29,14,47,50,56;7,33,22,63,19,57;8,35,26;9,37,30,16,51,58;11,41,38,32,20,59;12,43,42,40,36,28;13,45,46,48,52,60;17,53,62
1,21,38,43,63,17,22,42,59;2,25,54,44,4,33,23,46,12;3,29,7,45,8,49,24,50,28;5,37,39,47,16,18,26,58,60;6,41,55,48,20,34,27,62,13;9,53,40,51,32,19,30,11,61;10,57,56,52,36,35,31,15,14
1,21,55,12,46,3,37,57,28,48,19,39,10,30;2,29,56,20,47,11,38;4,45,58,36,49,27,40,18,31,9,22,63,13,54;5,53,59,44,50,35,41,26,32,17,23,8,14,62;6,61,60,52,51,43,42,34,33,25,24,16,15,7
1,21,26,43,63,5,22,42,47;2,37,30,44,16,9,23,58,51;3,53,34,45,32,13,24,11,55;4,6,38,46,48,17,25,27,59;7,54,50,49,33,29,28,12,8;10,39,62,52,18,41,31,60,20;14,40,15,56,19,57,35,61,36
1,21,31,36,7,24;2,53,47,44,11,26;3,22,63,52,15,28;4,54,16,60,19,30;5,23,32;6,55,48,13,27,34;8,56,17,29,35,38;9,25,33,37,39,40;10,57,49,45,43,42;12,58,18,61,51,46;14,59,50;20,62
1,22,43;2,23,44;3,24,45;4,25,46;5,26,47;6,27,48;7,28,49;8,29,50;9,30,51;10,31,52;11,32,53;12,33,54;13,34,55;14,35,56;15,36,57;16,37,58;17,38,59;18,39,60;19,40,61;20,41,62;21,42,63
1,22;2,24,5,30,17,54;3,26,9,38,33,23;4,28,13,46,49,55;6,32,21,62,18,56;7,34,25;8,36,29,15,50,57;10,40,37,31,19,58;11,42,41,39,35,27;12,44,45,47,51,59;14,48,53,63,20,60;16,52,61
1,22,43;2,26,59;3,30,12;4,34,28;5,38,44;6,42,60;7,46,13;8,50,29;9,54,45;10,58,61;11,62,14;16,19,31;17,23,47;18,27,63;20,35,32;21,39,48;24,51,33;25,55,49;37,40,52;41,56,53
1,22;2,30;3,38;4,46;5,54;6,62;8,15;9,23;10,31;11,39;12,47;13,55;14,63;17,24;18,32;19,40;20,48;21,56;26,33;27,41;28,49;29,57;35,42;36,50;37,58;44,51;45,59;53,60
1,22,43;2,38,47;3,54,51;4,7,55;5,23,59;6,39,63;9,24,12;10,40,16;11,56,20;13,25,28;14,41,32;15,57,36;17,26,44;18,42,48;19,58,52;21,27,60;30,45,33;31,61,37;34,46,49;35,62,53
1,22;2,54,17,30,5,24;3,23,33,38,9,26;4,55,49,46,13,28;6,56,18,62,21,32;7,25,34;8,57,50,15,29,36;10,58,19,31,37,40;11,27,35,39,41,42;12,59,51,47,45,44;14,60,20,63,53,48;16,61,52
1,23,45,4,26,48,7,29,51,10,32,54,13,35,57,16,38,60,19,41,63,22,44,3,25,47,6,28,50,9,31,53,12,34,56,15,37,59,18,40,62,21,43,2,24,46,5,27,49,8,30,52,11,33,55,14,36,58,17,39,61,20,42
1,23,4,29,16,53;2,25,8,37,32,22;3,27,12,45,48,54;5,31,20,61,17,55;6,33,24;7,35,28,14,49,56;9,39,36,30,18,57;10,41,40,38,34,26;11,43,44,46,50,58;13,47,52,62,19,59;15,51,60;21,63
1,23,48,22,44,6,43,2,27;3,31,17,24,52,38,45,10,59;4,35,33,25,56,54,46,14,12;5,39,49,26,60,7,47,18,28;8,51,34,29,9,55,50,30,13;11,63,19,32,21,40,53,42,61;15,16,20,36,37,41,57,58,62
1,23,10,32,19,41,28,50,37,59,46,5,55,14;2,31,11,40,20,49,29,58,38,4,47,13,56,22;3,39,12,48,21,57,30;6,63,15,9,24,18,33,27,42,36,51,45,60,54;7,8,16,17,25,26,34,35,43,44,52,53,61,62
1,23,60,22,44,18,43,2,39;3,55,5,24,13,26,45,34,47;4,8,9,25,29,30,46,50,51;6,40,17,27,61,38,48,19,59;7,56,21,28,14,42,49,35,63;10,41,33,31,62,54,52,20,12;11,57,37,32,15,58,53,36,16
1,23,34,8,58,20;2,55,50,16,62,22;3,24;4,56,19,32,7,26;5,25,35,40,11,28;6,57,51,48,15,30;9,27,36;10,59,52,17,31,38;12,60,21,33,39,42;13,29,37,41,43,44;14,61,53,49,47,46;18,63,54
1,24,47,7,30,53,13,36,59,19,42,2,25,48,8,31,54,14,37,60,20,43,3,26,49,9,32,55,15,38,61,21,44,4,27,50,10,33,56,16,39,62,22,45,5,28,51,11,34,57,17,40,63,23,46,6,29,52,12,35,58,18,41
1,24,7,36,31,21;2,26,11,44,47,53;3,28,15,52,63,22;4,30,19,60,16,54;5,32,23;6,34,27,13,48,55;8,38,35,29,17,56;9,40,39,37,33,25;10,42,43,45,49,57;12,46,51,61,18,58;14,50,59;20,62
1,24,53,43,3,32,22,45,11;2,28,6,44,7,48,23,49,27;4,36,38,46,15,17,25,57,59;5,40,54,47,19,33,26,61,12;8,52,39,50,31,18,29,10,60;9,56,55,51,35,34,30,14,13;16,21,41,58,63,20,37,42,62
1,24,19,42,37,60,55,15,10,33,28,51,46,6;2,32,20,50,38,5,56,23,11,41,29,59,47,14;3,40,21,58,39,13,57,31,12,49,30,4,48,22;7,9,25,27,43,45,61,63,16,18,34,36,52,54;8,17,26,35,44,53,62
1,24,14,43,3,56,22,45,35;2,40,18,44,19,60,23,61,39;4,9,26,46,51,5,25,30,47;6,41,34,48,20,13,27,62,55;7,57,38,49,36,17,28,15,59;8,10,42,50,52,21,29,31,63;11,58,54,53,37,33,32,16,12
1,24,4,57,52,18;2,56,20;3,25,36,10,60,22;5,26;6,58,21,34,9,28;7,27,37,42,13,30;8,59,53,50,17,32;11,29,38;12,61,54,19,33,40;14,62,23,35,41,44;15,31,39,43,45,46;16,63,55,51,49,48
1,25,49,10,34,58,19,43,4,28,52,13,37,61,22,46,7,31,55,16,40;2,26,50,11,35,59,20,44,5,29,53,14,38,62,23,47,8,32,56,17,41;3,27,51,12,36,60,21,45,6,30,54,15,39,63,24,48,9,33,57,18,42
1,25,10,43,46,52;2,27,14,51,62,21;3,29,18,59,15,53;4,31,22;5,33,26,12,47,54;6,35,30,20,63,23;7,37,34,28,16,55;8,39,38,36,32,24;9,41,42,44,48,56;11,45,50,60,17,57;13,49,58;19,61
1,25,58;2,29,11;3,33,27;4,37,43;5,41,59;6,45,12;7,49,28;8,53,44;9,57,60;10,61,13;15,18,30;16,22,46;17,26,62;19,34,31;20,38,47;21,42,63;23,50,32;24,54,48;36,39,51;40,55,52
1,25,28,52,55,16,19,43,46,7,10,34,37,61;2,33,29,60,56,24,20,51,47,15,11,42,38,6;3,41,30,5,57,32,21,59,48,23,12,50,39,14;4,49,31,13,58,40,22;8,18,35,45,62,9,26,36,53,63,17,27,44,54
1,25,31;2,41,35;3,57,39;4,10,43;5,26,47;6,42,51;7,58,55;8,11,59;9,27,63;13,28,16;14,44,20;15,60,24;17,29,32;18,45,36;19,61,40;21,30,48;22,46,52;23,62,56;34,49,37;38,50,53
1,25,37,43,46,16;2,57,53,51,50,18;3,26,6,59,54,20;4,58,22;5,27,38,12,62,24;7,28;8,60,23,36,11,30;9,29,39,44,15,32;10,61,55,52,19,34;13,31,40;14,63,56,21,35,42;17,33,41,45,47,48
1,26,51,13,38,63,25,50,12,37,62,24,49,11,36,61,23,48,10,35,60,22,47,9,34,59,21,46,8,33,58,20,45,7,32,57,19,44,6,31,56,18,43,5,30,55,17,42,4,29,54,16,41,3,28,53,15,40,2,27,52,14,39
1,26,13,50,61,20;2,28,17,58,14,52;3,30,21;4,32,25,11,46,53;5,34,29,19,62,22;6,36,33,27,15,54;7,38,37,35,31,23;8,40,41,43,47,55;9,42,45,51,63,24;10,44,49,59,16,56;12,48,57;18,60
1,26,63,22,47,21,43,5,42;2,30,16,23,51,37,44,9,58;3,34,32,24,55,53,45,13,11;4,38,48,25,59,6,46,17,27;7,50,33,28,8,54,49,29,12;10,62,18,31,20,39,52,41,60;14,15,19,35,36,40,56,57,61
1,26,37,62,10,35,46,8,19,44,55,17,28,53;2,34,38,7,11,43,47,16,20,52,56,25,29,61;3,42,39,15,12,51,48,24,21,60,57,33,30,6;4,50,40,23,13,59,49,32,22,5,58,41,31,14;9,27,45,63,18,36,54
1,26,48,22,47,6,43,5,27;2,42,52,23,63,10,44,21,31;3,58,56,24,16,14,45,37,35;4,11,60,25,32,18,46,53,39;7,59,9,28,17,30,49,38,51;8,12,13,29,33,34,50,54,55;15,61,41,36,19,62,57,40,20
1,26,7,29,40,14;2,58,23,37,44,16;3,27,39,45,48,18;4,59,55,53,52,20;5,28,8,61,56,22;6,60,24;9,30;10,62,25,38,13,32;11,31,41,46,17,34;12,63,57,54,21,36;15,33,42;19,35,43,47,49,50
1,27,53,16,42,5,31,57,20,46,9,35,61,24,50,13,39,2,28,54,17,43,6,32,58,21,47,10,36,62,25,51,14,40,3,29,55,18,44,7,33,59,22,48,11,37,63,26,52,15,41,4,30,56,19,45,8,34,60,23,49,12,38
1,27,16,57,13,51;2,29,20;3,31,24,10,45,52;4,33,28,18,61,21;5,35,32,26,14,53;6,37,36,34,30,22;7,39,40,42,46,54;8,41,44,50,62,23;9,43,48,58,15,55;11,47,56;12,49,60,19,63,25;17,59
1,27,5,43,6,47,22,48,26;2,31,21,44,10,63,23,52,42;3,35,37,45,14,16,24,56,58;4,39,53,46,18,32,25,60,11;7,51,38,49,30,17,28,9,59;8,55,54,50,34,33,29,13,12;15,20,40,57,62,19,36,41,61
1,27,46,9,28,54,10,36,55,18,37,63,19,45;2,35,47,17,29,62,11,44,56,26,38,8,20,53;3,43,48,25,30,7,12,52,57,34,39,16,21,61;4,51,49,33,31,15,13,60,58,42,40,24,22,6;5,59,50,41,32,23,14
1,27,2,43,6,44,22,48,23;3,59,10,45,38,52,24,17,31;4,12,14,46,54,56,25,33,35;5,28,18,47,7,60,26,49,39;8,13,30,50,55,9,29,34,51;11,61,42,53,40,21,32,19,63;15,62,58,57,41,37,36,20,16
1,27,40,15,34,12;2,59,56,23,38,14;3,28,9,31,42,16;4,60,25,39,46,18;5,29,41,47,50,20;6,61,57,55,54,22;7,30,10,63,58,24;8,62,26;11,32;13,33,43,48,19,36;17,35,44;21,37,45,49,51,52
1,28,55,19,46,10,37;2,29,56,20,47,11,38;3,30,57,21,48,12,39;4,31,58,22,49,13,40;5,32,59,23,50,14,41;6,33,60,24,51,15,42;7,34,61,25,52,16,43;8,35,62,26,53,17,44;9,36,63,27,54,18,45
1,28,19;2,30,23,9,44,51;3,32,27,17,60,20;4,34,31,25,13,52;5,36,35,33,29,21;6,38,39,41,45,53;7,40,43,49,61,22;8,42,47,57,14,54;10,46,55;11,48,59,18,62,24;12,50,63,26,15,56;16,58
1,28,10;2,32,26;3,36,42;4,40,58;5,44,11;6,48,27;7,52,43;8,56,59;9,60,12;14,17,29;15,21,45;16,25,61;18,33,30;19,37,46;20,41,62;22,49,31;23,53,47;24,57,63;35,38,50;39,54,51
1,28,55,19,46,10,37;2,36,56,27,47,18,38,9,29,63,20,54,11,45;3,44,57,35,48,26,39,17,30,8,21,62,12,53;4,52,58,43,49,34,40,25,31,16,22,7,13,61;5,60,59,51,50,42,41,33,32,24,23,15,14,6
1,28,19;2,44,23;3,60,27;4,13,31;5,29,35;6,45,39;7,61,43;8,14,47;9,30,51;10,46,55;11,62,59;12,15,63;17,32,20;18,48,24;21,33,36;22,49,40;25,34,52;26,50,56;38,53,41;42,54,57
1,28,10;2,60,26,9,32,12;3,29,42,17,36,14;4,61,58,25,40,16;5,30,11,33,44,18;6,62,27,41,48,20;7,31,43,49,52,22;8,63,59,57,56,24;13,34;15,35,45,50,21,38;19,37,46;23,39,47,51,53,54
1,29,57,22,50,15,43,8,36;2,30,58,23,51,16,44,9,37;3,31,59,24,52,17,45,10,38;4,32,60,25,53,18,46,11,39;5,33,61,26,54,19,47,12,40;6,34,62,27,55,20,48,13,41;7,35,63,28,56,21,49,14,42
1,29,22,8,43,50;2,31,26,16,59,19;3,33,30,24,12,51;4,35,34,32,28,20;5,37,38,40,44,52;6,39,42,48,60,21;7,41,46,56,13,53;9,45,54;10,47,58,17,61,23;11,49,62,25,14,55;15,57;18,63,27
1,29,15,22,50,36,43,8,57;2,33,31,23,54,52,44,12,10;3,37,47,24,58,5,45,16,26;4,41,63,25,62,21,46,20,42;6,49,32,27,7,53,48,28,11;9,61,17,30,19,38,51,40,59;13,14,18,34,35,39,55,56,60
1,29;2,37;3,45;4,53;5,61;7,14;8,22;9,30;10,38;11,46;12,54;13,62;16,23;17,31;18,39;19,47;20,55;21,63;25,32;26,40;27,48;28,56;34,41;35,49;36,57;43,50;44,58;52,59
1,29,36,22,50,57,43,8,15;2,45,40,23,3,61,44,24,19;4,14,48,25,35,6,46,56,27;5,30,52,26,51,10,47,9,31;7,62,60,28,20,18,49,41,39;11,63,13,32,21,34,53,42,55;12,16,17,33,37,38,54,58,59
1,29,43,50,22,8;2,61,59,58,26,10;3,30,12;4,62,28,11,34,14;5,31,44,19,38,16;6,63,60,27,42,18;7,32,13,35,46,20;9,33,45,51,54,24;15,36;17,37,47,52,23,40;21,39,48;25,41,49,53,55,56
1,30,59,25,54,20,49,15,44,10,39,5,34,63,29,58,24,53,19,48,14,43,9,38,4,33,62,28,57,23,52,18,47,13,42,8,37,3,32,61,27,56,22,51,17,46,12,41,7,36,2,31,60,26,55,21,50,16,45,11,40,6,35
1,30,25,15,58,18;2,32,29,23,11,50;3,34,33,31,27,19;4,36,37,39,43,51;5,38,41,47,59,20;6,40,45,55,12,52;7,42,49,63,28,21;8,44,53;9,46,57,16,60,22;10,48,61,24,13,54;14,56;17,62,26
1,30,20,43,9,62,22,51,41;2,34,36,44,13,15,23,55,57;3,38,52,45,17,31,24,59,10;4,42,5,46,21,47,25,63,26;6,50,37,48,29,16,27,8,58;7,54,53,49,33,32,28,12,11;14,19,39,56,61,18,35,40,60
1,30,10,39,19,48,28,57,37,3,46,12,55,21;2,38,11,47,20,56,29;4,54,13,63,22,9,31,18,40,27,49,36,58,45;5,62,14,8,23,17,32,26,41,35,50,44,59,53;6,7,15,16,24,25,33,34,42,43,51,52,60,61
1,30,53,43,9,32,22,51,11;2,46,57,44,25,36,23,4,15;3,62,61,45,41,40,24,20,19;5,31,6,47,10,48,26,52,27;7,63,14,49,42,56,28,21,35;8,16,18,50,58,60,29,37,39;12,17,34,54,59,13,33,38,55
1,30,13,36,16,6;2,62,29,44,20,8;3,31,45,52,24,10;4,63,61,60,28,12;5,32,14;7,33,46,21,40,18;9,34,15,37,48,22;11,35,47,53,56,26;17,38;19,39,49,54,25,42;23,41,50;27,43,51,55,57,58
1,31,61,28,58,25,55,22,52,19,49,16,46,13,43,10,40,7,37,4,34;2,32,62,29,59,26,56,23,53,20,50,17,47,14,44,11,41,8,38,5,35;3,33,63,30,60,27,57,24,54,21,51,18,48,15,45,12,42,9,39,6,36
1,31,28,22,10,49;2,33,32,30,26,18;3,35,36,38,42,50;4,37,40,46,58,19;5,39,44,54,11,51;6,41,48,62,27,20;7,43,52;8,45,56,15,59,21;9,47,60,23,12,53;13,55;14,57,17,63,29,24;16,61,25
1,31,25;2,35,41;3,39,57;4,43,10;5,47,26;6,51,42;7,55,58;8,59,11;9,63,27;13,16,28;14,20,44;15,24,60;17,32,29;18,36,45;19,40,61;21,48,30;22,52,46;23,56,62;34,37,49;38,53,50
1,31,19,49,37,4,55,22,10,40,28,58,46,13;2,39,20,57,38,12,56,30,11,48,29,3,47,21;5,63,23,18,41,36,59,54,14,9,32,27,50,45;6,8,24,26,42,44,60,62,15,17,33,35,51,53;7,16,25,34,43,52,61
1,31,7;2,47,11;3,63,15;4,16,19;5,32,23;6,48,27;8,17,35;9,33,39;10,49,43;12,18,51;13,34,55;14,50,59;21,36,24;22,52,28;25,37,40;26,53,44;29,38,56;30,54,60;42,57,45;46,58,61
1,31,46,22,10,4;2,63,62,30,14,6;3,32,15,38,18,8;5,33,47,54,26,12;7,34,16;9,35,48,23,42,20;11,36,17,39,50,24;13,37,49,55,58,28;19,40;21,41,51,56,27,44;25,43,52;29,45,53,57,59,60
1,32,16,8,4,2;3,33,48,24,12,6;5,34,17,40,20,10;7,35,49,56,28,14;9,36,18;11,37,50,25,44,22;13,38,19,41,52,26;15,39,51,57,60,30;21,42;23,43,53,58,29,46;27,45,54;31,47,55,59,61,62
1,32,63,31,62,30,61,29,60,28,59,27,58,26,57,25,56,24,55,23,54,22,53,21,52,20,51,19,50,18,49,17,48,16,47,15,46,14,45,13,44,12,43,11,42,10,41,9,40,8,39,7,38,6,37,5,36,4,35,3,34,2,33
1,32,31,29,25,17;2,34,35,37,41,49;3,36,39,45,57,18;4,38,43,53,10,50;5,40,47,61,26,19;6,42,51;7,44,55,14,58,20;8,46,59,22,11,52;9,48,63,30,27,21;12,54;13,56,16,62,28,23;15,60,24
1,32,30,22,53,51,43,11,9;2,36,46,23,57,4,44,15,25;3,40,62,24,61,20,45,19,41;5,48,31,26,6,52,47,27,10;7,56,63,28,14,21,49,35,42;8,60,16,29,18,37,50,39,58;12,13,17,33,34,38,54,55,59
1,32,28,59,55,23,19,50,46,14,10,41,37,5;2,40,29,4,56,31,20,58,47,22,11,49,38,13;3,48,30,12,57,39,21;6,9,33,36,60,63,24,27,51,54,15,18,42,45;7,17,34,44,61,8,25,35,52,62,16,26,43,53
1,32,24,22,53,45,43,11,3;2,48,28,23,6,49,44,27,7;4,17,36,25,38,57,46,59,15;5,33,40,26,54,61,47,12,19;8,18,52,29,39,10,50,60,31;9,34,56,30,55,14,51,13,35;16,20,21,37,41,42,58,62,63
1,33,49,57,61,63;3,34,18,10,6,4;5,35,50,26,14,8;7,36,19,42,22,12;9,37,51,58,30,16;11,38,20;13,39,52,27,46,24;15,40,21,43,54,28;17,41,53,59,62,32;23,44;25,45,55,60,31,48;29,47,56
1,33,2,34,3,35,4,36,5,37,6,38,7,39,8,40,9,41,10,42,11,43,12,44,13,45,14,46,15,47,16,48,17,49,18,50,19,51,20,52,21,53,22,54,23,55,24,56,25,57,26,58,27,59,28,60,29,61,30,62,31,63,32
1,33,34,36,40,48;2,35,38,44,56,17;3,37,42,52,9,49;4,39,46,60,25,18;5,41,50;6,43,54,13,57,19;7,45,58,21,10,51;8,47,62,29,26,20;11,53;12,55,15,61,27,22;14,59,23;16,63,31,30,28,24
1,33,35,43,12,14,22,54,56;2,37,51,44,16,30,23,58,9;3,41,4,45,20,46,24,62,25;5,49,36,47,28,15,26,7,57;6,53,52,48,32,31,27,11,10;8,61,21,50,40,63,29,19,42;13,18,38,55,60,17,34,39,59
1,33,37,6,10,42,46,15,19,51,55,24,28,60;2,41,38,14,11,50,47,23,20,59,56,32,29,5;3,49,39,22,12,58,48,31,21,4,57,40,30,13;7,18,43,54,16,27,52,63,25,36,61,9,34,45;8,26,44,62,17,35,53
1,33,41,43,12,20,22,54,62;2,49,45,44,28,24,23,7,3;4,18,53,46,60,32,25,39,11;5,34,57,47,13,36,26,55,15;6,50,61,48,29,40,27,8,19;9,35,10,51,14,52,30,56,31;16,21,38,58,63,17,37,42,59
1,34,19,43,55,61;2,3,35,51,59,63;5,36,20,12,8,6;7,37,52,28,16,10;9,38,21,44,24,14;11,39,53,60,32,18;13,40,22;15,41,54,29,48,26;17,42,23,45,56,30;25,46;27,47,57,62,33,50;31,49,58
1,34,4,37,7,40,10,43,13,46,16,49,19,52,22,55,25,58,28,61,31;2,35,5,38,8,41,11,44,14,47,17,50,20,53,23,56,26,59,29,62,32;3,36,6,39,9,42,12,45,15,48,18,51,21,54,24,57,27,60,30,63,33
1,34,37,43,55,16;2,36,41,51,8,48;3,38,45,59,24,17;4,40,49;5,42,53,12,56,18;6,44,57,20,9,50;7,46,61,28,25,19;10,52;11,54,14,60,26,21;13,58,22;15,62,30,29,27,23;32,33,35,39,47,63
1,34,40;2,38,56;3,42,9;4,46,25;5,50,41;6,54,57;7,58,10;8,62,26;12,15,27;13,19,43;14,23,59;16,31,28;17,35,44;18,39,60;20,47,29;21,51,45;22,55,61;24,63,30;33,36,48;37,52,49
1,34,46,16,28,61,10,43,55,25,37,7,19,52;2,42,47,24,29,6,11,51,56,33,38,15,20,60;3,50,48,32,30,14,12,59,57,41,39,23,21,5;4,58,49,40,31,22,13;8,27,53,9,35,54,17,36,62,18,44,63,26,45
1,34,58;2,50,62;4,19,7;5,35,11;6,51,15;8,20,23;9,36,27;10,52,31;12,21,39;13,37,43;14,53,47;16,22,55;17,38,59;18,54,63;25,40,28;26,56,32;29,41,44;30,57,48;33,42,60;46,61,49
1,35,52,29,49,59;2,4,5,37,53,61;3,36,21,45,57,63;7,38,22,14,10,8;9,39,54,30,18,12;11,40,23,46,26,16;13,41,55,62,34,20;15,42,24;17,43,56,31,50,28;19,44,25,47,58,32;27,48;33,51,60
1,35,6,40,11,45,16,50,21,55,26,60,31,2,36,7,41,12,46,17,51,22,56,27,61,32,3,37,8,42,13,47,18,52,23,57,28,62,33,4,38,9,43,14,48,19,53,24,58,29,63,34,5,39,10,44,15,49,20,54,25,59,30
1,35,40,50,7,47;2,37,44,58,23,16;3,39,48;4,41,52,11,55,17;5,43,56,19,8,49;6,45,60,27,24,18;9,51;10,53,13,59,25,20;12,57,21;14,61,29,28,26,22;15,63,33,36,42,54;31,32,34,38,46,62
1,35,45,22,56,3,43,14,24;2,39,61,23,60,19,44,18,40;4,47,30,25,5,51,46,26,9;6,55,62,27,13,20,48,34,41;7,59,15,28,17,36,49,38,57;8,63,31,29,21,52,50,42,10;11,12,16,32,33,37,53,54,58
1,35,55,26,46,17,37,8,28,62,19,53,10,44;2,43,56,34,47,25,38,16,29,7,20,61,11,52;3,51,57,42,48,33,39,24,30,15,21,6,12,60;4,59,58,50,49,41,40,32,31,23,22,14,13,5;9,36,63,27,54,18,45
1,35,12,22,56,33,43,14,54;2,51,16,23,9,37,44,30,58;3,4,20,24,25,41,45,46,62;5,36,28,26,57,49,47,15,7;6,52,32,27,10,53,48,31,11;8,21,40,29,42,61,50,63,19;13,38,60,34,59,18,55,17,39
1,36,22,15,43,57;2,5,38,23,47,59;3,37,54,31,51,61;4,6,7,39,55,63;9,40,24,16,12,10;11,41,56,32,20,14;13,42,25,48,28,18;17,44,26;19,45,58,33,52,30;21,46,27,49,60,34;29,50;35,53,62
1,36,8,43,15,50,22,57,29;2,37,9,44,16,51,23,58,30;3,38,10,45,17,52,24,59,31;4,39,11,46,18,53,25,60,32;5,40,12,47,19,54,26,61,33;6,41,13,48,20,55,27,62,34;7,42,14,49,21,56,28,63,35
1,36,43,57,22,15;2,38,47;3,40,51,10,54,16;4,42,55,18,7,48;5,44,59,26,23,17;6,46,63,34,39,49;8,50;9,52,12,58,24,19;11,56,20;13,60,28,27,25,21;14,62,32,35,41,53;30,31,33,37,45,61
1,36,50,43,15,29,22,57,8;2,40,3,44,19,45,23,61,24;4,48,35,46,27,14,25,6,56;5,52,51,47,31,30,26,10,9;7,60,20,49,39,62,28,18,41;11,13,21,53,55,63,32,34,42;12,17,37,54,59,16,33,38,58
1,36;2,44;3,52;4,60;6,13;7,21;8,29;9,37;10,45;11,53;12,61;15,22;16,30;17,38;18,46;19,54;20,62;24,31;25,39;26,47;27,55;28,63;33,40;34,48;35,56;42,49;43,57;51,58
1,36,29,43,15,8,22,57,50;2,52,33,44,31,12,23,10,54;3,5,37,45,47,16,24,26,58;4,21,41,46,63,20,25,42,62;6,53,49,48,32,28,27,11,7;9,38,61,51,17,40,30,59,19;13,39,14,55,18,56,34,60,35
1,37,55;2,6,8,9,41,57;3,38,24,17,45,59;4,7,40,25,49,61;5,39,56,33,53,63;11,42,26,18,14,12;13,43,58,34,22,16;15,44,27,50,30,20;19,46,28;21,47,60,35,54,32;23,48,29,51,62,36;31,52
1,37,10,46,19,55,28;2,38,11,47,20,56,29;3,39,12,48,21,57,30;4,40,13,49,22,58,31;5,41,14,50,23,59,32;6,42,15,51,24,60,33;7,43,16,52,25,61,34;8,44,17,53,26,62,35;9,45,18,54,27,63,36
1,37,46;2,39,50,9,53,15;3,41,54,17,6,47;4,43,58,25,22,16;5,45,62,33,38,48;7,49;8,51,11,57,23,18;10,55,19;12,59,27,26,24,20;13,61,31,34,40,52;14,63,35,42,56,21;29,30,32,36,44,60
1,37,55;2,41,8;3,45,24;4,49,40;5,53,56;6,57,9;7,61,25;11,14,26;12,18,42;13,22,58;15,30,27;16,34,43;17,38,59;19,46,28;20,50,44;21,54,60;23,62,29;32,35,47;33,39,63;36,51,48
1,37,10,46,19,55,28;2,45,11,54,20,63,29,9,38,18,47,27,56,36;3,53,12,62,21,8,30,17,39,26,48,35,57,44;4,61,13,7,22,16,31,25,40,34,49,43,58,52;5,6,14,15,23,24,32,33,41,42,50,51,59,60
1,37,46;2,53,50;3,6,54;4,22,58;5,38,62;8,23,11;9,39,15;10,55,19;12,24,27;13,40,31;14,56,35;16,25,43;17,41,47;18,57,51;20,26,59;21,42,63;29,44,32;30,60,36;33,45,48;34,61,52
1,38,25,50,31,53;2,7,41,58,35,55;3,39,57;4,8,10,11,43,59;5,40,26,19,47,61;6,9,42,27,51,63;13,44,28,20,16,14;15,45,60,36,24,18;17,46,29,52,32,22;21,48,30;23,49,62,37,56,34;33,54
1,38,12,49,23,60,34,8,45,19,56,30,4,41,15,52,26,63,37,11,48,22,59,33,7,44,18,55,29,3,40,14,51,25,62,36,10,47,21,58,32,6,43,17,54,28,2,39,13,50,24,61,35,9,46,20,57,31,5,42,16,53,27
1,38,49,8,52,14;2,40,53,16,5,46;3,42,57,24,21,15;4,44,61,32,37,47;6,48;7,50,10,56,22,17;9,54,18;11,58,26,25,23,19;12,60,30,33,39,51;13,62,34,41,55,20;28,29,31,35,43,59;36,45,63
1,38,60,22,59,18,43,17,39;2,42,13,23,63,34,44,21,55;3,46,29,24,4,50,45,25,8;5,54,61,26,12,19,47,33,40;6,58,14,27,16,35,48,37,56;7,62,30,28,20,51,49,41,9;10,11,15,31,32,36,52,53,57
1,38,19,56,37,11,55,29,10,47,28,2,46,20;3,54,21,9,39,27,57,45,12,63,30,18,48,36;4,62,22,17,40,35,58,53,13,8,31,26,49,44;5,7,23,25,41,43,59,61,14,16,32,34,50,52;6,15,24,33,42,51,60
1,38,63,22,59,21,43,17,42;2,54,4,23,12,25,44,33,46;3,7,8,24,28,29,45,49,50;5,39,16,26,60,37,47,18,58;6,55,20,27,13,41,48,34,62;9,40,32,30,61,53,51,19,11;10,56,36,31,14,57,52,35,15
1,39,58,36,25,51;2,8,11,44,29,53;3,40,27,52,33,55;4,9,43,60,37,57;5,41,59;6,10,12,13,45,61;7,42,28,21,49,63;15,46,30,22,18,16;17,47,62,38,26,20;19,48,31,54,34,24;23,50,32;35,56
1,39,14,52,27,2,40,15,53,28,3,41,16,54,29,4,42,17,55,30,5,43,18,56,31,6,44,19,57,32,7,45,20,58,33,8,46,21,59,34,9,47,22,60,35,10,48,23,61,36,11,49,24,62,37,12,50,25,63,38,13,51,26
1,39,52,15,4,45;2,41,56,23,20,14;3,43,60,31,36,46;5,47;6,49,9,55,21,16;7,51,13,63,37,48;8,53,17;10,57,25,24,22,18;11,59,29,32,38,50;12,61,33,40,54,19;27,28,30,34,42,58;35,44,62
1,39,2,43,18,44,22,60,23;3,47,34,45,26,13,24,5,55;4,51,50,46,30,29,25,9,8;6,59,19,48,38,61,27,17,40;7,63,35,49,42,14,28,21,56;10,12,20,52,54,62,31,33,41;11,16,36,53,58,15,32,37,57
1,39,28,3,55,30,19,57,46,21,10,48,37,12;2,47,29,11,56,38,20;4,63,31,27,58,54,22,18,49,45,13,9,40,36;5,8,32,35,59,62,23,26,50,53,14,17,41,44;6,16,33,43,60,7,24,34,51,61,15,25,42,52
1,39,17,43,18,59,22,60,38;2,55,21,44,34,63,23,13,42;3,8,25,45,50,4,24,29,46;5,40,33,47,19,12,26,61,54;6,56,37,48,35,16,27,14,58;7,9,41,49,51,20,28,30,62;10,57,53,52,36,32,31,15,11
1,40,28,22,19,49;2,9,44,30,23,51;3,41,60,38,27,53;4,10,13,46,31,55;5,42,29,54,35,57;6,11,45,62,39,59;7,43,61;8,12,14,15,47,63;17,48,32,24,20,18;21,50,33,56,36,26;25,52,34;37,58
1,40,16,55,31,7,46,22,61,37,13,52,28,4,43,19,58,34,10,49,25;2,41,17,56,32,8,47,23,62,38,14,53,29,5,44,20,59,35,11,50,26;3,42,18,57,33,9,48,24,63,39,15,54,30,6,45,21,60,36,12,51,27
1,40,55,22,19,13;2,42,59,30,35,45;3,44,63,38,51,14;4,46;5,48,8,54,20,15;6,50,12,62,36,47;7,52,16;9,56,24,23,21,17;10,58,28,31,37,49;11,60,32,39,53,18;26,27,29,33,41,57;34,43,61
1,40,7;2,44,23;3,48,39;4,52,55;5,56,8;6,60,24;10,13,25;11,17,41;12,21,57;14,29,26;15,33,42;16,37,58;18,45,27;19,49,43;20,53,59;22,61,28;31,34,46;32,38,62;35,50,47;36,54,63
1,40,37,13,10,49,46,22,19,58,55,31,28,4;2,48,38,21,11,57,47,30,20,3,56,39,29,12;5,9,41,45,14,18,50,54,23,27,59,63,32,36;6,17,42,53,15,26,51,62,24,35,60,8,33,44;7,25,43,61,16,34,52
1,40,34;2,56,38;3,9,42;4,25,46;5,41,50;6,57,54;7,10,58;8,26,62;12,27,15;13,43,19;14,59,23;16,28,31;17,44,35;18,60,39;20,29,47;21,45,51;22,61,55;24,30,63;33,48,36;37,49,52
1,41,61,8,13,47;2,10,14,16,17,49;3,42,30,24,21,51;4,11,46,32,25,53;5,43,62,40,29,55;6,12,15,48,33,57;7,44,31,56,37,59;9,45,63;19,50,34,26,22,20;23,52,35,58,38,28;27,54,36;39,60
1,41,18,58,35,12,52,29,6,46,23,63,40,17,57,34,11,51,28,5,45,22,62,39,16,56,33,10,50,27,4,44,21,61,38,15,55,32,9,49,26,3,43,20,60,37,14,54,31,8,48,25,2,42,19,59,36,13,53,30,7,47,24
1,41,58,29,34,44;2,43,62,37,50,13;3,45;4,47,7,53,19,14;5,49,11,61,35,46;6,51,15;8,55,23,22,20,16;9,57,27,30,36,48;10,59,31,38,52,17;12,63,39,54,21,18;25,26,28,32,40,56;33,42,60
1,41,12,22,62,33,43,20,54;2,45,28,23,3,49,44,24,7;4,53,60,25,11,18,46,32,39;5,57,13,26,15,34,47,36,55;6,61,29,27,19,50,48,40,8;9,10,14,30,31,35,51,52,56;16,38,63,37,59,21,58,17,42
1,41,46,23,28,5,10,50,55,32,37,14,19,59;2,49,47,31,29,13,11,58,56,40,38,22,20,4;3,57,48,39,30,21,12;6,18,51,63,33,45,15,27,60,9,42,54,24,36;7,26,52,8,34,53,16,35,61,17,43,62,25,44
1,41,51,22,62,9,43,20,30;2,57,55,23,15,13,44,36,34;3,10,59,24,31,17,45,52,38;4,26,63,25,47,21,46,5,42;6,58,8,27,16,29,48,37,50;7,11,12,28,32,33,49,53,54;14,60,40,35,18,61,56,39,19
1,42,31,57,7,45;2,11,47;3,43,63,10,15,49;4,12,16,18,19,51;5,44,32,26,23,53;6,13,48,34,27,55;8,14,17,50,35,59;9,46,33,58,39,61;21,52,36,28,24,22;25,54,37,60,40,30;29,56,38;41,62
1,42,20,61,39,17,58,36,14,55,33,11,52,30,8,49,27,5,46,24,2,43,21,62,40,18,59,37,15,56,34,12,53,31,9,50,28,6,47,25,3,44,22,63,41,19,60,38,16,57,35,13,54,32,10,51,29,7,48,26,4,45,23
1,42,61,36,49,12;2,44;3,46,6,52,18,13;4,48,10,60,34,45;5,50,14;7,54,22,21,19,15;8,56,26,29,35,47;9,58,30,37,51,16;11,62,38,53,20,17;24,25,27,31,39,55;28,33,43,63,40,57;32,41,59
1,42,17,43,21,59,22,63,38;2,46,33,44,25,12,23,4,54;3,50,49,45,29,28,24,8,7;5,58,18,47,37,60,26,16,39;6,62,34,48,41,13,27,20,55;9,11,19,51,53,61,30,32,40;10,15,35,52,57,14,31,36,56
1,42,55,33,46,24,37,15,28,6,19,60,10,51;2,50,56,41,47,32,38,23,29,14,20,5,11,59;3,58,57,49,48,40,39,31,30,22,21,13,12,4;7,27,61,18,52,9,43,63,34,54,25,45,16,36;8,35,62,26,53,17,44
1,42,5,43,21,47,22,63,26;2,58,9,44,37,51,23,16,30;3,11,13,45,53,55,24,32,34;4,27,17,46,6,59,25,48,38;7,12,29,49,54,8,28,33,50;10,60,41,52,39,20,31,18,62;14,61,57,56,40,36,35,19,15
1,43;2,12,17,51,5,45;3,44,33,59,9,47;4,13,49;6,14,18,20,21,53;7,46,34,28,25,55;8,15,50,36,29,57;10,16,19,52,37,61;11,48,35,60,41,63;23,54,38,30,26,24;27,56,39,62,42,32;31,58,40
1,43,22;2,44,23;3,45,24;4,46,25;5,47,26;6,48,27;7,49,28;8,50,29;9,51,30;10,52,31;11,53,32;12,54,33;13,55,34;14,56,35;15,57,36;16,58,37;17,59,38;18,60,39;19,61,40;20,62,41;21,63,42
1,43;2,45,5,51,17,12;3,47,9,59,33,44;4,49,13;6,53,21,20,18,14;7,55,25,28,34,46;8,57,29,36,50,15;10,61,37,52,19,16;11,63,41,60,35,48;23,24,26,30,38,54;27,32,42,62,39,56;31,40,58
1,43,22;2,47,38;3,51,54;4,55,7;5,59,23;6,63,39;9,12,24;10,16,40;11,20,56;13,28,25;14,32,41;15,36,57;17,44,26;18,48,42;19,52,58;21,60,27;30,33,45;31,37,61;34,49,46;35,53,62
1,43;2,51;3,59;5,12;6,20;7,28;8,36;9,44;10,52;11,60;14,21;15,29;16,37;17,45;18,53;19,61;23,30;24,38;25,46;26,54;27,62;32,39;33,47;34,55;35,63;41,48;42,56;50,57
1,43,22;2,59,26;3,12,30;4,28,34;5,44,38;6,60,42;7,13,46;8,29,50;9,45,54;10,61,58;11,14,62;16,31,19;17,47,23;18,63,27;20,32,35;21,48,39;24,33,51;25,49,55;37,52,40;41,53,56
1,44,34,29,58,41;2,13,50,37,62,43;3,45;4,14,19,53,7,47;5,46,35,61,11,49;6,15,51;8,16,20,22,23,55;9,48,36,30,27,57;10,17,52,38,31,59;12,18,21,54,39,63;25,56,40,32,28,26;33,60,42
1,44,24,4,47,27,7,50,30,10,53,33,13,56,36,16,59,39,19,62,42,22,2,45,25,5,48,28,8,51,31,11,54,34,14,57,37,17,60,40,20,63,43,23,3,46,26,6,49,29,9,52,32,12,55,35,15,58,38,18,61,41,21
1,44,4,50,16,11;2,46,8,58,32,43;3,48,12;5,52,20,19,17,13;6,54,24,27,33,45;7,56,28,35,49,14;9,60,36,51,18,15;10,62,40,59,34,47;22,23,25,29,37,53;26,31,41,61,38,55;30,39,57;42,63
1,44,27,22,2,48,43,23,6;3,52,59,24,10,17,45,31,38;4,56,12,25,14,33,46,35,54;5,60,28,26,18,49,47,39,7;8,9,13,29,30,34,50,51,55;11,21,61,32,42,19,53,63,40;15,37,62,36,58,20,57,16,41
1,44,10,53,19,62,28,8,37,17,46,26,55,35;2,52,11,61,20,7,29,16,38,25,47,34,56,43;3,60,12,6,21,15,30,24,39,33,48,42,57,51;4,5,13,14,22,23,31,32,40,41,49,50,58,59;9,45,18,54,27,63,36
1,44,39,22,2,60,43,23,18;3,13,47,24,34,5,45,55,26;4,29,51,25,50,9,46,8,30;6,61,59,27,19,17,48,40,38;7,14,63,28,35,21,49,56,42;10,62,12,31,20,33,52,41,54;11,15,16,32,36,37,53,57,58
1,45,4,15,52,39;2,14,20,23,56,41;3,46,36,31,60,43;5,47;6,16,21,55,9,49;7,48,37,63,13,51;8,17,53;10,18,22,24,25,57;11,50,38,32,29,59;12,19,54,40,33,61;27,58,42,34,30,28;35,62,44
1,45,26,7,51,32,13,57,38,19,63,44,25,6,50,31,12,56,37,18,62,43,24,5,49,30,11,55,36,17,61,42,23,4,48,29,10,54,35,16,60,41,22,3,47,28,9,53,34,15,59,40,21,2,46,27,8,52,33,14,58,39,20
1,45,7,57,31,42;2,47,11;3,49,15,10,63,43;4,51,19,18,16,12;5,53,23,26,32,44;6,55,27,34,48,13;8,59,35,50,17,14;9,61,39,58,33,46;21,22,24,28,36,52;25,30,40,60,37,54;29,38,56;41,62
1,45,32,43,24,11,22,3,53;2,49,48,44,28,27,23,7,6;4,57,17,46,36,59,25,15,38;5,61,33,47,40,12,26,19,54;8,10,18,50,52,60,29,31,39;9,14,34,51,56,13,30,35,55;16,42,20,58,21,62,37,63,41
1,45,19,63,37,18,55,36,10,54,28,9,46,27;2,53,20,8,38,26,56,44,11,62,29,17,47,35;3,61,21,16,39,34,57,52,12,7,30,25,48,43;4,6,22,24,40,42,58,60,13,15,31,33,49,51;5,14,23,32,41,50,59
1,45,56,43,24,35,22,3,14;2,61,60,44,40,39,23,19,18;4,30,5,46,9,47,25,51,26;6,62,13,48,41,55,27,20,34;7,15,17,49,57,59,28,36,38;8,31,21,50,10,63,29,52,42;11,16,33,53,58,12,32,37,54
1,46,37;2,15,53,9,50,39;3,47,6,17,54,41;4,16,22,25,58,43;5,48,38,33,62,45;7,49;8,18,23,57,11,51;10,19,55;12,20,24,26,27,59;13,52,40,34,31,61;14,21,56,42,35,63;29,60,44,36,32,30
1,46,28,10,55,37,19;2,47,29,11,56,38,20;3,48,30,12,57,39,21;4,49,31,13,58,40,22;5,50,32,14,59,41,23;6,51,33,15,60,42,24;7,52,34,16,61,43,25;8,53,35,17,62,44,26;9,54,36,18,63,45,27
1,46,10;2,48,14,9,62,42;3,50,18,17,15,11;4,52,22,25,31,43;5,54,26,33,47,12;6,56,30,41,63,44;7,58,34,49,16,13;8,60,38,57,32,45;20,21,23,27,35,51;24,29,39,59,36,53;28,37,55;40,61
1,46,37;2,50,53;3,54,6;4,58,22;5,62,38;8,11,23;9,15,39;10,19,55;12,27,24;13,31,40;14,35,56;16,43,25;17,47,41;18,51,57;20,59,26;21,63,42;29,32,44;30,36,60;33,48,45;34,52,61
1,46,28,10,55,37,19;2,54,29,18,56,45,20,9,47,36,11,63,38,27;3,62,30,26,57,53,21,17,48,44,12,8,39,35;4,7,31,34,58,61,22,25,49,52,13,16,40,43;5,15,32,42,59,6,23,33,50,60,14,24,41,51
1,46,10;2,62,14;3,15,18;4,31,22;5,47,26;6,63,30;7,16,34;8,32,38;9,48,42;11,17,50;12,33,54;13,49,58;20,35,23;21,51,27;24,36,39;25,52,43;28,37,55;29,53,59;41,56,44;45,57,60
1,47,7,50,40,35;2,16,23,58,44,37;3,48,39;4,17,55,11,52,41;5,49,8,19,56,43;6,18,24,27,60,45;9,51;10,20,25,59,13,53;12,21,57;14,22,26,28,29,61;15,54,42,36,33,63;31,62,46,38,34,32
1,47,30,13,59,42,25,8,54,37,20,3,49,32,15,61,44,27,10,56,39,22,5,51,34,17,63,46,29,12,58,41,24,7,53,36,19,2,48,31,14,60,43,26,9,55,38,21,4,50,33,16,62,45,28,11,57,40,23,6,52,35,18
1,47,13,8,61,41;2,49,17,16,14,10;3,51,21,24,30,42;4,53,25,32,46,11;5,55,29,40,62,43;6,57,33,48,15,12;7,59,37,56,31,44;9,63,45;19,20,22,26,34,50;23,28,38,58,35,52;27,36,54;39,60
1,47,42,22,5,63,43,26,21;2,51,58,23,9,16,44,30,37;3,55,11,24,13,32,45,34,53;4,59,27,25,17,48,46,38,6;7,8,12,28,29,33,49,50,54;10,20,60,31,41,18,52,62,39;14,36,61,35,57,19,56,15,40
1,47,37,20,10,56,46,29,19,2,55,38,28,11;3,63,39,36,12,9,48,45,21,18,57,54,30,27;4,8,40,44,13,17,49,53,22,26,58,62,31,35;5,16,41,52,14,25,50,61,23,34,59,7,32,43;6,24,42,60,15,33,51
1,47,27,22,5,48,43,26,6;2,63,31,23,21,52,44,42,10;3,16,35,24,37,56,45,58,14;4,32,39,25,53,60,46,11,18;7,17,51,28,38,9,49,59,30;8,33,55,29,54,13,50,12,34;15,19,20,36,40,41,57,61,62
1,48,44,43,27,23,22,6,2;3,17,52,45,59,31,24,38,10;4,33,56,46,12,35,25,54,14;5,49,60,47,28,39,26,7,18;8,34,9,50,13,51,29,55,30;11,19,21,53,61,63,32,40,42;15,20,37,57,62,16,36,41,58
1,48,40,36,34,33;2,17,56,44,38,35;3,49,9,52,42,37;4,18,25,60,46,39;5,50,41;6,19,57,13,54,43;7,51,10,21,58,45;8,20,26,29,62,47;11,53;12,22,27,61,15,55;14,23,59;16,24,28,30,31,63
1,48,32,16,63,47,31,15,62,46,30,14,61,45,29,13,60,44,28,12,59,43,27,11,58,42,26,10,57,41,25,9,56,40,24,8,55,39,23,7,54,38,22,6,53,37,21,5,52,36,20,4,51,35,19,3,50,34,18,2,49,33,17
1,48,16,15,13,9;2,50,20,23,29,41;3,52,24,31,45,10;4,54,28,39,61,42;5,56,32,47,14,11;6,58,36,55,30,43;7,60,40,63,46,12;8,62,44;18,19,21,25,33,49;22,27,37,57,34,51;26,35,53;38,59
1,48,47,43,27,26,22,6,5;2,52,63,44,31,42,23,10,21;3,56,16,45,35,58,24,14,37;4,60,32,46,39,11,25,18,53;7,9,17,49,51,59,28,30,38;8,13,33,50,55,12,29,34,54;15,41,19,57,20,61,36,62,40
1,48,46,30,28,12,10,57,55,39,37,21,19,3;2,56,47,38,29,20,11;4,9,49,54,31,36,13,18,58,63,40,45,22,27;5,17,50,62,32,44,14,26,59,8,41,53,23,35;6,25,51,7,33,52,15,34,60,16,42,61,24,43
1,49,61;3,18,6;4,34,10;5,50,14;7,19,22;8,35,26;9,51,30;11,20,38;12,36,42;13,52,46;15,21,54;16,37,58;17,53,62;24,39,27;25,55,31;28,40,43;29,56,47;32,41,59;33,57,63;45,60,48
1,49,10,22,28,31;2,18,26,30,32,33;3,50,42,38,36,35;4,19,58,46,40,37;5,51,11,54,44,39;6,20,27,62,48,41;7,52,43;8,21,59,15,56,45;9,53,12,23,60,47;13,55;14,24,29,63,17,57;16,25,61
1,49,34,19,4,52,37,22,7,55,40,25,10,58,43,28,13,61,46,31,16;2,50,35,20,5,53,38,23,8,56,41,26,11,59,44,29,14,62,47,32,17;3,51,36,21,6,54,39,24,9,57,42,27,12,60,45,30,15,63,48,33,18
1,49,19,22,28,40;2,51,23,30,44,9;3,53,27,38,60,41;4,55,31,46,13,10;5,57,35,54,29,42;6,59,39,62,45,11;7,61,43;8,63,47,15,14,12;17,18,20,24,32,48;21,26,36,56,33,50;25,34,52;37,58
1,49,52;2,53,5;3,57,21;4,61,37;7,10,22;8,14,38;9,18,54;11,26,23;12,30,39;13,34,55;15,42,24;16,46,40;17,50,56;19,58,25;20,62,41;28,31,43;29,35,59;32,47,44;33,51,60;36,63,45
1,49,55,40,46,31,37,22,28,13,19,4,10,58;2,57,56,48,47,39,38,30,29,21,20,12,11,3;5,18,59,9,50,63,41,54,32,45,23,36,14,27;6,26,60,17,51,8,42,62,33,53,24,44,15,35;7,34,61,25,52,16,43
1,50,15,22,8,36,43,29,57;2,3,19,23,24,40,44,45,61;4,35,27,25,56,48,46,14,6;5,51,31,26,9,52,47,30,10;7,20,39,28,41,60,49,62,18;11,21,55,32,42,13,53,63,34;12,37,59,33,58,17,54,16,38
1,50,43,8,22,29;2,19,59,16,26,31;3,51,12,24,30,33;4,20,28,32,34,35;5,52,44,40,38,37;6,21,60,48,42,39;7,53,13,56,46,41;9,54,45;10,23,61,17,58,47;11,55,14,25,62,49;15,57;18,27,63
1,50,36,22,8,57,43,29,15;2,51,37,23,9,58,44,30,16;3,52,38,24,10,59,45,31,17;4,53,39,25,11,60,46,32,18;5,54,40,26,12,61,47,33,19;6,55,41,27,13,62,48,34,20;7,56,42,28,14,63,49,35,21
1,50,22,29,43,8;2,52,26,37,59,40;3,54,30,45,12,9;4,56,34,53,28,41;5,58,38,61,44,10;6,60,42;7,62,46,14,13,11;16,17,19,23,31,47;18,21,27,39,63,48;20,25,35,55,32,49;24,33,51;36,57
1,50,57,22,8,15,43,29,36;2,54,10,23,12,31,44,33,52;3,58,26,24,16,47,45,37,5;4,62,42,25,20,63,46,41,21;6,7,11,27,28,32,48,49,53;9,19,59,30,40,17,51,61,38;13,35,60,34,56,18,55,14,39
1,50;2,58;4,11;5,19;6,27;7,35;8,43;9,51;10,59;13,20;14,28;15,36;16,44;17,52;18,60;22,29;23,37;24,45;25,53;26,61;31,38;32,46;33,54;34,62;40,47;41,55;42,63;49,56
1,51,32,43,30,11,22,9,53;2,4,36,44,46,15,23,25,57;3,20,40,45,62,19,24,41,61;5,52,48,47,31,27,26,10,6;7,21,56,49,63,35,28,42,14;8,37,60,50,16,39,29,58,18;12,38,13,54,17,55,33,59,34
1,51,13,57,16,27;2,20,29;3,52,45,10,24,31;4,21,61,18,28,33;5,53,14,26,32,35;6,22,30,34,36,37;7,54,46,42,40,39;8,23,62,50,44,41;9,55,15,58,48,43;11,56,47;12,25,63,19,60,49;17,59
1,51,38,25,12,62,49,36,23,10,60,47,34,21,8,58,45,32,19,6,56,43,30,17,4,54,41,28,15,2,52,39,26,13,63,50,37,24,11,61,48,35,22,9,59,46,33,20,7,57,44,31,18,5,55,42,29,16,3,53,40,27,14
1,51,25,36,58,39;2,53,29,44,11,8;3,55,33,52,27,40;4,57,37,60,43,9;5,59,41;6,61,45,13,12,10;7,63,49,21,28,42;15,16,18,22,30,46;17,20,26,38,62,47;19,24,34,54,31,48;23,32,50;35,56
1,51,62,43,30,41,22,9,20;2,55,15,44,34,57,23,13,36;3,59,31,45,38,10,24,17,52;4,63,47,46,42,26,25,21,5;6,8,16,48,50,58,27,29,37;7,12,32,49,54,11,28,33,53;14,40,18,56,19,60,35,61,39
1,51,10,60,19,6,28,15,37,24,46,33,55,42;2,59,11,5,20,14,29,23,38,32,47,41,56,50;3,4,12,13,21,22,30,31,39,40,48,49,57,58;7,36,16,45,25,54,34,63,43,9,52,18,61,27;8,44,17,53,26,62,35
1,52,49;2,5,53;3,21,57;4,37,61;7,22,10;8,38,14;9,54,18;11,23,26;12,39,30;13,55,34;15,24,42;16,40,46;17,56,50;19,25,58;20,41,62;28,43,31;29,59,35;32,44,47;33,60,51;36,45,63
1,52,46,43,10,25;2,21,62,51,14,27;3,53,15,59,18,29;4,22,31;5,54,47,12,26,33;6,23,63,20,30,35;7,55,16,28,34,37;8,24,32,36,38,39;9,56,48,44,42,41;11,57,17,60,50,45;13,58,49;19,61
1,52,40,28,16,4,55,43,31,19,7,58,46,34,22,10,61,49,37,25,13;2,53,41,29,17,5,56,44,32,20,8,59,47,35,23,11,62,50,38,26,14;3,54,42,30,18,6,57,45,33,21,9,60,48,36,24,12,63,51,39,27,15
1,52,28,43,10,7;2,54,32,51,26,39;3,56,36,59,42,8;4,58,40;5,60,44,12,11,9;6,62,48,20,27,41;14,15,17,21,29,45;16,19,25,37,61,46;18,23,33,53,30,47;22,31,49;24,35,57,38,63,50;34,55
1,52,4;2,56,20;3,60,36;6,9,21;7,13,37;8,17,53;10,25,22;11,29,38;12,33,54;14,41,23;15,45,39;16,49,55;18,57,24;19,61,40;27,30,42;28,34,58;31,46,43;32,50,59;35,62,44;48,51,63
1,52,19,7,37,25,55,43,10,61,28,16,46,34;2,60,20,15,38,33,56,51,11,6,29,24,47,42;3,5,21,23,39,41,57,59,12,14,30,32,48,50;4,13,22,31,40,49,58;8,45,26,63,44,18,62,36,17,54,35,9,53,27
1,53,3,22,11,24,43,32,45;2,6,7,23,27,28,44,48,49;4,38,15,25,59,36,46,17,57;5,54,19,26,12,40,47,33,61;8,39,31,29,60,52,50,18,10;9,55,35,30,13,56,51,34,14;16,41,63,37,62,21,58,20,42
1,53,16,29,4,23;2,22,32,37,8,25;3,54,48,45,12,27;5,55,17,61,20,31;6,24,33;7,56,49,14,28,35;9,57,18,30,36,39;10,26,34,38,40,41;11,58,50,46,44,43;13,59,19,62,52,47;15,60,51;21,63
1,53,42,31,20,9,61,50,39,28,17,6,58,47,36,25,14,3,55,44,33,22,11,63,52,41,30,19,8,60,49,38,27,16,5,57,46,35,24,13,2,54,43,32,21,10,62,51,40,29,18,7,59,48,37,26,15,4,56,45,34,23,12
1,53,31,50,25,38;2,55,35,58,41,7;3,57,39;4,59,43,11,10,8;5,61,47,19,26,40;6,63,51,27,42,9;13,14,16,20,28,44;15,18,24,36,60,45;17,22,32,52,29,46;21,30,48;23,34,56,37,62,49;33,54
1,53,9,22,11,30,43,32,51;2,57,25,23,15,46,44,36,4;3,61,41,24,19,62,45,40,20;5,6,10,26,27,31,47,48,52;7,14,42,28,35,63,49,56,21;8,18,58,29,39,16,50,60,37;12,34,59,33,55,17,54,13,38
1,53,28,17,55,44,19,8,46,35,10,62,37,26;2,61,29,25,56,52,20,16,47,43,11,7,38,34;3,6,30,33,57,60,21,24,48,51,12,15,39,42;4,14,31,41,58,5,22,32,49,59,13,23,40,50;9,54,36,18,63,45,27
1,54,20,43,33,62,22,12,41;2,7,24,44,49,3,23,28,45;4,39,32,46,18,11,25,60,53;5,55,36,47,34,15,26,13,57;6,8,40,48,50,19,27,29,61;9,56,52,51,35,31,30,14,10;16,42,17,58,21,59,37,63,38
1,54,49,15,61,21;2,23;3,55,18,31,6,25;4,24,34,39,10,27;5,56,50,47,14,29;7,57,19,63,22,33;8,26,35;9,58,51,16,30,37;11,59,20,32,38,41;12,28,36,40,42,43;13,60,52,48,46,45;17,62,53
1,54,44,34,24,14,4,57,47,37,27,17,7,60,50,40,30,20,10,63,53,43,33,23,13,3,56,46,36,26,16,6,59,49,39,29,19,9,62,52,42,32,22,12,2,55,45,35,25,15,5,58,48,38,28,18,8,61,51,41,31,21,11
1,54,34,57,40,6;2,56,38;3,58,42,10,9,7;4,60,46,18,25,39;5,62,50,26,41,8;12,13,15,19,27,43;14,17,23,35,59,44;16,21,31,51,28,45;20,29,47;22,33,55,36,61,48;24,37,63,52,30,49;32,53
1,54,14,43,33,56,22,12,35;2,58,30,44,37,9,23,16,51;3,62,46,45,41,25,24,20,4;5,7,15,47,49,57,26,28,36;6,11,31,48,53,10,27,32,52;8,19,63,50,61,42,29,40,21;13,39,17,55,18,59,34,60,38
1,54,37,27,10,63,46,36,19,9,55,45,28,18;2,62,38,35,11,8,47,44,20,17,56,53,29,26;3,7,39,43,12,16,48,52,21,25,57,61,30,34;4,15,40,51,13,24,49,60,22,33,58,6,31,42;5,23,41,59,14,32,50
1,55,37;2,8,41;3,24,45;4,40,49;5,56,53;6,9,57;7,25,61;11,26,14;12,42,18;13,58,22;15,27,30;16,43,34;17,59,38;19,28,46;20,44,50;21,60,54;23,29,62;32,47,35;33,63,39;36,48,51
1,55,19;2,24,35,9,59,21;3,56,51,17,63,23;4,25;5,57,20,33,8,27;6,26,36,41,12,29;7,58,52,49,16,31;10,28,37;11,60,53,18,32,39;13,61,22,34,40,43;14,30,38,42,44,45;15,62,54,50,48,47
1,55,46,37,28,19,10;2,56,47,38,29,20,11;3,57,48,39,30,21,12;4,58,49,40,31,22,13;5,59,50,41,32,23,14;6,60,51,42,33,24,15;7,61,52,43,34,25,16;8,62,53,44,35,26,17;9,63,54,45,36,27,18
1,55,37;2,57,41,9,8,6;3,59,45,17,24,38;4,61,49,25,40,7;5,63,53,33,56,39;11,12,14,18,26,42;13,16,22,34,58,43;15,20,30,50,27,44;19,28,46;21,32,54,35,60,47;23,36,62,51,29,48;31,52
1,55,19;2,59,35;3,63,51;5,8,20;6,12,36;7,16,52;9,24,21;10,28,37;11,32,53;13,40,22;14,44,38;15,48,54;17,56,23;18,60,39;26,29,41;27,33,57;30,45,42;31,49,58;34,61,43;47,50,62
1,55,46,37,28,19,10;2,63,47,45,29,27,11,9,56,54,38,36,20,18;3,8,48,53,30,35,12,17,57,62,39,44,21,26;4,16,49,61,31,43,13,25,58,7,40,52,22,34;5,24,50,6,32,51,14,33,59,15,41,60,23,42
1,56,55,47,46,38,37,29,28,20,19,11,10,2;3,9,57,63,48,54,39,45,30,36,21,27,12,18;4,17,58,8,49,62,40,53,31,44,22,35,13,26;5,25,59,16,50,7,41,61,32,52,23,43,14,34;6,33,60,24,51,15,42
1,56,54,22,14,12,43,35,33;2,9,58,23,30,16,44,51,37;3,25,62,24,46,20,45,4,41;5,57,7,26,15,28,47,36,49;6,10,11,27,31,32,48,52,53;8,42,19,29,63,40,50,21,61;13,59,39,34,17,60,55,38,18
1,56,52,50,49,17;2,25,5,58,53,19;3,57,21;4,26,37,11,61,23;6,27;7,59,22,35,10,29;8,28,38,43,14,31;9,60,54,51,18,33;12,30,39;13,62,55,20,34,41;15,63,24,36,42,45;16,32,40,44,46,47
1,56,48,40,32,24,16,8,63,55,47,39,31,23,15,7,62,54,46,38,30,22,14,6,61,53,45,37,29,21,13,5,60,52,44,36,28,20,12,4,59,51,43,35,27,19,11,3,58,50,42,34,26,18,10,2,57,49,41,33,25,17,9
1,56,40,8,7,5;2,58,44,16,23,37;3,60,48,24,39,6;4,62,52,32,55,38;10,11,13,17,25,41;12,15,21,33,57,42;14,19,29,49,26,43;18,27,45;20,31,53,34,59,46;22,35,61,50,28,47;30,51;36,63,54
1,56,24,22,14,45,43,35,3;2,60,40,23,18,61,44,39,19;4,5,9,25,26,30,46,47,51;6,13,41,27,34,62,48,55,20;7,17,57,28,38,15,49,59,36;8,21,10,29,42,31,50,63,52;11,33,58,32,54,16,53,12,37
1,57;3,10;4,18;5,26;6,34;7,42;8,50;9,58;12,19;13,27;14,35;15,43;16,51;17,59;21,28;22,36;23,44;24,52;25,60;30,37;31,45;32,53;33,61;39,46;40,54;41,62;48,55;49,63
1,57,8,43,36,50,22,15,29;2,10,12,44,52,54,23,31,33;3,26,16,45,5,58,24,47,37;4,42,20,46,21,62,25,63,41;6,11,28,48,53,7,27,32,49;9,59,40,51,38,19,30,17,61;13,60,56,55,39,35,34,18,14
1,57,22,36,43,15;2,26,38,44,47,17;3,58,54,52,51,19;4,27,7,60,55,21;5,59,23;6,28,39,13,63,25;8,29;9,61,24,37,12,31;10,30,40,45,16,33;11,62,56,53,20,35;14,32,41;18,34,42,46,48,49
1,57,50,43,36,29,22,15,8;2,58,51,44,37,30,23,16,9;3,59,52,45,38,31,24,17,10;4,60,53,46,39,32,25,18,11;5,61,54,47,40,33,26,19,12;6,62,55,48,41,34,27,20,13;7,63,56,49,42,35,28,21,14
1,57,43,15,22,36;2,59,47,23,38,5;3,61,51,31,54,37;4,63,55,39,7,6;9,10,12,16,24,40;11,14,20,32,56,41;13,18,28,48,25,42;17,26,44;19,30,52,33,58,45;21,34,60,49,27,46;29,50;35,62,53
1,57,29,43,36,8,22,15,50;2,61,45,44,40,24,23,19,3;4,6,14,46,48,56,25,27,35;5,10,30,47,52,9,26,31,51;7,18,62,49,60,41,28,39,20;11,34,63,53,13,42,32,55,21;12,38,16,54,17,58,33,59,37
1,58,10,4,19,13,28,22,37,31,46,40,55,49;2,3,11,12,20,21,29,30,38,39,47,48,56,57;5,27,14,36,23,45,32,54,41,63,50,9,59,18;6,35,15,44,24,53,33,62,42,8,51,17,60,26;7,43,16,52,25,61,34
1,58,25;2,11,29;3,27,33;4,43,37;5,59,41;6,12,45;7,28,49;8,44,53;9,60,57;10,13,61;15,30,18;16,46,22;17,62,26;19,31,34;20,47,38;21,63,42;23,32,50;24,48,54;36,51,39;40,52,55
1,58,55,22,37,13;2,27,8,30,41,15;3,59,24,38,45,17;4,28,40,46,49,19;5,60,56,54,53,21;6,29,9,62,57,23;7,61,25;10,31;11,63,26,39,14,33;12,32,42,47,18,35;16,34,43;20,36,44,48,50,51
1,58,52,46,40,34,28,22,16,10,4,61,55,49,43,37,31,25,19,13,7;2,59,53,47,41,35,29,23,17,11,5,62,56,50,44,38,32,26,20,14,8;3,60,54,48,42,36,30,24,18,12,6,63,57,51,45,39,33,27,21,15,9
1,58,46,22,37,4;2,60,50,30,53,36;3,62,54,38,6,5;8,9,11,15,23,39;10,13,19,31,55,40;12,17,27,47,24,41;14,21,35,63,56,42;16,25,43;18,29,51,32,57,44;20,33,59,48,26,45;28,49;34,61,52
1,58,34;2,62,50;4,7,19;5,11,35;6,15,51;8,23,20;9,27,36;10,31,52;12,39,21;13,43,37;14,47,53;16,55,22;17,59,38;18,63,54;25,28,40;26,32,56;29,44,41;30,48,57;33,60,42;46,49,61
1,59,19,14,37,32,55,50,10,5,28,23,46,41;2,4,20,22,38,40,56,58,11,13,29,31,47,49;3,12,21,30,39,48,57;6,36,24,54,42,9,60,27,15,45,33,63,51,18;7,44,25,62,43,17,61,35,16,53,34,8,52,26
1,59,42,22,17,63,43,38,21;2,12,46,23,33,4,44,54,25;3,28,50,24,49,8,45,7,29;5,60,58,26,18,16,47,39,37;6,13,62,27,34,20,48,55,41;9,61,11,30,19,32,51,40,53;10,14,15,31,35,36,52,56,57
1,59,25,8,31,11;2,28,41,16,35,13;3,60,57,24,39,15;4,29,10,32,43,17;5,61,26,40,47,19;6,30,42,48,51,21;7,62,58,56,55,23;9,63,27;12,33;14,34,44,49,20,37;18,36,45;22,38,46,50,52,53
1,59,54,49,44,39,34,29,24,19,14,9,4,62,57,52,47,42,37,32,27,22,17,12,7,2,60,55,50,45,40,35,30,25,20,15,10,5,63,58,53,48,43,38,33,28,23,18,13,8,3,61,56,51,46,41,36,31,26,21,16,11,6
1,59,49,29,52,35;2,61,53,37,5,4;3,63,57,45,21,36;7,8,10,14,22,38;9,12,18,30,54,39;11,16,26,46,23,40;13,20,34,62,55,41;15,24,42;17,28,50,31,56,43;19,32,58,47,25,44;27,48;33,60,51
1,59,39,22,17,60,43,38,18;2,63,55,23,21,13,44,42,34;3,4,8,24,25,29,45,46,50;5,12,40,26,33,61,47,54,19;6,16,56,27,37,14,48,58,35;7,20,9,28,41,30,49,62,51;10,32,57,31,53,15,52,11,36
1,60,44,43,39,23,22,18,2;3,5,13,45,47,55,24,26,34;4,9,29,46,51,8,25,30,50;6,17,61,48,59,40,27,38,19;7,21,14,49,63,56,28,42,35;10,33,62,52,12,41,31,54,20;11,37,15,53,16,57,32,58,36
1,60,28,24,55,51,19,15,46,42,10,6,37,33;2,5,29,32,56,59,20,23,47,50,11,14,38,41;3,13,30,40,57,4,21,31,48,58,12,22,39,49;7,45,34,9,61,36,25,63,52,27,16,54,43,18;8,53,35,17,62,44,26
1,60,59,43,39,38,22,18,17;2,13,63,44,55,42,23,34,21;3,29,4,45,8,46,24,50,25;5,61,12,47,40,54,26,19,33;6,14,16,48,56,58,27,35,37;7,30,20,49,9,62,28,51,41;10,15,32,52,57,11,31,36,53
1,60,58,57,25,9;2,29,11;3,61,27,10,33,13;4,30,43,18,37,15;5,62,59,26,41,17;6,31,12,34,45,19;7,63,28,42,49,21;8,32,44,50,53,23;14,35;16,36,46,51,22,39;20,38,47;24,40,48,52,54,55
1,60,56,52,48,44,40,36,32,28,24,20,16,12,8,4,63,59,55,51,47,43,39,35,31,27,23,19,15,11,7,3,62,58,54,50,46,42,38,34,30,26,22,18,14,10,6,2,61,57,53,49,45,41,37,33,29,25,21,17,13,9,5
1,60,52,36,4,3;2,62,56,44,20,35;6,7,9,13,21,37;8,11,17,29,53,38;10,15,25,45,22,39;12,19,33,61,54,40;14,23,41;16,27,49,30,55,42;18,31,57,46,24,43;26,47;28,51,34,63,58,48;32,59,50
1,61,49;3,6,18;4,10,34;5,14,50;7,22,19;8,26,35;9,30,51;11,38,20;12,42,36;13,46,52;15,54,21;16,58,37;17,62,53;24,27,39;25,31,55;28,43,40;29,47,56;32,59,41;33,63,57;45,48,60
1,61,37,34,10,7,46,43,19,16,55,52,28,25;2,6,38,42,11,15,47,51,20,24,56,60,29,33;3,14,39,50,12,23,48,59,21,32,57,5,30,41;4,22,40,58,13,31,49;8,54,44,27,17,63,53,36,26,9,62,45,35,18
1,61,13;2,14,17;3,30,21;4,46,25;5,62,29;6,15,33;7,31,37;8,47,41;9,63,45;10,16,49;11,32,53;12,48,57;19,34,22;20,50,26;23,35,38;24,51,42;27,36,54;28,52,58;40,55,43;44,56,59
1,61,28,43,19,7;2,30,44,51,23,9;3,62,60,59,27,11;4,31,13;5,63,29,12,35,15;6,32,45,20,39,17;8,33,14,36,47,21;10,34,46,52,55,25;16,37;18,38,48,53,24,41;22,40,49;26,42,50,54,56,57
1,61,58,55,52,49,46,43,40,37,34,31,28,25,22,19,16,13,10,7,4;2,62,59,56,53,50,47,44,41,38,35,32,29,26,23,20,17,14,11,8,5;3,63,60,57,54,51,48,45,42,39,36,33,30,27,24,21,18,15,12,9,6
1,61,55,43,19,34;2,63,59,51,35,3;5,6,8,12,20,36;7,10,16,28,52,37;9,14,24,44,21,38;11,18,32,60,53,39;13,22,40;15,26,48,29,54,41;17,30,56,45,23,42;25,46;27,50,33,62,57,47;31,58,49
1,62,58,50,34,2;4,5,7,11,19,35;6,9,15,27,51,36;8,13,23,43,20,37;10,17,31,59,52,38;12,21,39;14,25,47,28,53,40;16,29,55,44,22,41;18,33,63,60,54,42;24,45;26,49,32,61,56,46;30,57,48
1,62,54,22,20,12,43,41,33;2,3,7,23,24,28,44,45,49;4,11,39,25,32,60,46,53,18;5,15,55,26,36,13,47,57,34;6,19,8,27,40,29,48,61,50;9,31,56,30,52,14,51,10,35;16,59,42,37,17,63,58,38,21
1,62,46,44,28,26,10,8,55,53,37,35,19,17;2,7,47,52,29,34,11,16,56,61,38,43,20,25;3,15,48,60,30,42,12,24,57,6,39,51,21,33;4,23,49,5,31,50,13,32,58,14,40,59,22,41;9,63,54,45,36,27,18
1,62,30,22,20,51,43,41,9;2,15,34,23,36,55,44,57,13;3,31,38,24,52,59,45,10,17;4,47,42,25,5,63,46,26,21;6,16,50,27,37,8,48,58,29;7,32,54,28,53,12,49,11,33;14,18,19,35,39,40,56,60,61
1,62,61,29,13,5;2,31,14,37,17,7;3,63,30,45,21,9;4,32,46,53,25,11;6,33,15;8,34,47,22,41,19;10,35,16,38,49,23;12,36,48,54,57,27;18,39;20,40,50,55,26,43;24,42,51;28,44,52,56,58,59
1,62,60,58,56,54,52,50,48,46,44,42,40,38,36,34,32,30,28,26,24,22,20,18,16,14,12,10,8,6,4,2,63,61,59,57,55,53,51,49,47,45,43,41,39,37,35,33,31,29,27,25,23,21,19,17,15,13,11,9,7,5,3
1,63,62,61,60,59,58,57,56,55,54,53,52,51,50,49,48,47,46,45,44,43,42,41,40,39,38,37,36,35,34,33,32,31,30,29,28,27,26,25,24,23,22,21,20,19,18,17,16,15,14,13,12,11,10,9,8,7,6,5,4,3,2
1,63,61,57,49,33;3,4,6,10,18,34;5,8,14,26,50,35;7,12,22,42,19,36;9,16,30,58,51,37;11,20,38;13,24,46,27,52,39;15,28,54,43,21,40;17,32,62,59,53,41;23,44;25,48,31,60,55,45;29,56,47
1,63,59,43,42,38,22,21,17;2,4,12,44,46,54,23,25,33;3,8,28,45,50,7,24,29,49;5,16,60,47,58,39,26,37,18;6,20,13,48,62,55,27,41,34;9,32,61,51,11,40,30,53,19;10,36,14,52,15,56,31,57,35
1,63,55,54,46,45,37,36,28,27,19,18,10,9;2,8,56,62,47,53,38,44,29,35,20,26,11,17;3,16,57,7,48,61,39,52,30,43,21,34,12,25;4,24,58,15,49,6,40,60,31,51,22,42,13,33;5,32,59,23,50,14,41
1,63,47,43,42,26,22,21,5;2,16,51,44,58,30,23,37,9;3,32,55,45,11,34,24,53,13;4,48,59,46,27,38,25,6,17;7,33,8,49,12,50,28,54,29;10,18,20,52,60,62,31,39,41;14,19,36,56,61,15,35,40,57
1,63,31,15,7,3;2,32,47,23,11,5;4,33,16,39,19,9;6,34,48,55,27,13;8,35,17;10,36,49,24,43,21;12,37,18,40,51,25;14,38,50,56,59,29;20,41;22,42,52,57,28,45;26,44,53;30,46,54,58,60,61